
strategic_region={
	id=10
	name="STRATEGICREGION_10"
	provinces={
		586 1223 1323 1360 1676 1709 2058 2217 2366 3174 3271 3632 3757 3861 4031 4771 4811 4878 5340 5539 5674 6788 6895 6992 7652 7652 8294 8479 8503 8691 8894 9030 9306 9467 9497 9536 9725 10210 10597 10881 10963 11396 11412 11547 11861 11891 11892 11896 11917 11927 11930 11945 11958 11959 11984 11984 11989 11996 12019 12020 12032 12033 12048 12049 12082 12086 12094 12104 12132 12141 12153 12164 12198 12219 12229 12272 12289 12294 12312 12348 12358 
	}
	weather={
	}
}
