
strategic_region={
	id=103
	name="STRATEGICREGION_103"
	provinces={
		26 258 320 878 954 1251 1368 1497 1604 1716 2046 2165 2813 3295 4039 4514 4618 4861 5102 5239 5262 5305 5365 5716 5736 6191 7003 7047 7095 7756 8008 8305 8612 9165 9208 9393 9473 9875 10224 10294 11309 16375 16432 16444 16483 16500 16501 16510 16532 16609 16631 16676 16683 16691 16702 16737 16744 16745 16761 16762 16815 16825 16844 16884 16895 16908 16946 16956 16980 16993 17010 17034 17051 17071 17081 17103 17131 17179 17187 17236 17251 17292 17362 20284 20285 20287 20288 20289 20290 20296 20778 20785 
	}
	weather={
	}
}
