
strategic_region={
	id=11
	name="STRATEGICREGION_11"
	provinces={
		204 411 616 624 1458 1700 2147 2154 2156 2417 2797 2983 3106 3348 3951 5202 5444 5607 5894 6249 6296 6481 6842 6902 6965 7160 7177 7499 7911 8492 8669 8679 8947 8969 9154 9477 9528 9761 9899 9945 10330 10442 10530 10843 11238 11562 12328 12331 12338 12339 12343 12344 12365 12373 12379 12390 12414 12438 12445 12453 12454 12496 12497 12506 12515 12516 12517 12533 12537 12549 12550 12556 12557 12565 12611 12616 12648 12714 12741 12745 12746 12766 12795 12799 12813 12814 12815 12819 12831 12848 12861 12863 12894 12947 12974 
	}
	weather={
	}
}
