
strategic_region={
	id=110
	name="STRATEGICREGION_110"
	provinces={
		191 270 393 730 846 1062 1440 1472 1473 1537 2069 2296 2583 2655 2715 3307 3317 3710 3765 4183 4340 4446 4494 4664 4745 4775 5079 5149 5204 5353 5379 5456 5524 5604 5697 5713 5926 5930 6520 6646 6698 6727 6880 7118 7133 7522 7606 7763 7897 7956 8214 8230 8592 8628 8870 9149 9309 9323 9405 9574 9593 9952 10122 10143 10226 10854 11050 11062 19300 19364 19372 19373 19407 19413 19424 19430 19463 19466 19473 19487 19488 19496 19497 19506 19520 19546 19549 19550 19571 19582 19588 19610 19634 19645 19652 19665 19678 19687 19688 19716 19728 19736 19743 19762 19777 19782 19792 19799 19829 19844 19849 19873 19922 20829 
	}
	weather={
	}
}
