
strategic_region={
	id=115
	name="STRATEGICREGION_115"
	provinces={
		238 412 1043 1128 1372 1405 1818 2317 2333 2567 2646 2839 2872 3115 3145 3153 3340 3345 3621 3802 3965 4133 4175 4530 4677 4702 4735 4770 4866 4985 5133 5160 5176 5311 5385 5427 5544 6086 6164 6206 6398 6512 6533 6704 6886 7030 7238 7361 7367 7411 7588 7855 8199 8778 8961 9207 9565 9808 9843 10175 10314 10824 11145 11162 11186 11272 11476 18780 18841 18842 18876 18930 18957 18989 19023 19054 19077 19103 19104 19165 19166 19190 19215 19261 19268 19278 19306 19318 19324 19325 19338 19352 19366 19374 19385 19446 19484 19501 19521 19522 19565 19590 
	}
	weather={
	}
}
