
strategic_region={
	id=116
	name="STRATEGICREGION_116"
	provinces={
		270 580 589 639 1221 1335 1414 1472 1537 1654 1670 2069 2114 2232 2427 2438 2862 3417 3653 3985 3995 4055 4077 4105 4494 4552 4721 4745 4753 4798 4853 4972 5079 5117 5569 5570 5615 5623 5627 5853 5977 6531 6698 7255 7504 7523 7897 7956 8206 8265 8380 8393 8421 8628 8733 8763 8898 9028 9096 9149 9405 9490 10122 10143 10430 10474 10727 11132 11181 11378 11390 11640 19373 19413 19437 19472 19474 19489 19497 19506 19513 19530 19531 19549 19550 19575 19597 19610 19611 19624 19628 19634 19655 19659 19665 19697 19703 19729 19730 19744 19745 19753 19756 19767 19783 19793 19801 19820 19845 19946 19963 19989 20020 20026 20031 20055 20090 20091 20095 20138 20164 20177 20222 20223 20232 20838 
	}
	weather={
	}
}
