
strategic_region={
	id=120
	name="STRATEGICREGION_120"
	provinces={
		69 189 241 674 690 691 1424 1443 1549 1552 1578 1701 1722 1958 1995 2137 2410 2611 2791 2920 2989 3216 3265 3460 3467 3693 3791 4005 4157 4230 4304 4756 4920 5175 5809 5980 6154 6246 6423 6608 7018 7241 7315 7787 7912 7940 8115 8866 9162 9898 10180 10275 10446 10527 10708 10875 11189 11291 11372 11536 13959 13967 13999 14017 14029 14074 14086 14087 14104 14130 14141 14152 14159 14175 14187 14220 14221 14224 14250 14271 14272 14273 14280 14283 14284 14300 14329 14330 14337 14346 14353 14365 14381 14398 14413 14431 14445 14477 14511 14541 14568 14587 14617 
	}
	weather={
	}
}
