
strategic_region={
	id=120
	name="STRATEGICREGION_120"
	provinces={
		69 116 189 241 405 674 690 691 728 1029 1113 1147 1205 1359 1424 1442 1443 1495 1496 1549 1552 1559 1578 1613 1701 1722 1907 1956 1958 1995 2137 2318 2344 2410 2611 2781 2791 2905 2920 2989 3205 3216 3265 3273 3321 3447 3459 3460 3467 3693 3791 3942 4005 4157 4178 4197 4230 4304 4355 4756 4839 4920 4962 4994 5139 5175 5374 5472 5657 5792 5809 5821 5903 5980 6154 6232 6246 6423 6547 6608 6720 6748 6809 7006 7018 7241 7315 7751 7787 7900 7912 7940 8115 8586 8609 8650 8866 8908 9055 9135 9162 9185 9310 9338 9429 9514 9732 9898 9915 10180 10193 10207 10216 10275 10446 10477 10527 10585 10708 10796 10875 11189 11203 11221 11286 11291 11372 11377 11536 13624 13631 13662 13679 13680 13690 13702 13714 13727 13737 13754 13759 13766 13783 13808 13824 13842 13845 13853 13876 13882 13909 13924 13940 13959 13967 13983 13993 13999 14016 14017 14029 14073 14074 14079 14085 14086 14087 14104 14130 14136 14137 14141 14152 14159 14169 14175 14183 14184 14186 14187 14220 14221 14223 14224 14234 14249 14250 14271 14272 14273 14280 14282 14283 14284 14299 14300 14312 14321 14329 14330 14337 14345 14346 14353 14363 14365 14381 14397 14398 14413 14431 14445 14477 14511 14541 14568 14587 14617 
	}
	weather={
	}
}
