
strategic_region={
	id=131
	name="STRATEGICREGION_131"
	provinces={
		88 297 476 633 696 1179 1230 1337 1404 1535 1588 1678 2051 2102 2103 2302 2368 2783 2922 2971 3052 3111 3358 3419 3670 3902 4046 4066 4204 4369 4821 4948 5072 5613 5747 6126 6478 6652 7448 7713 7843 7946 8120 8183 8721 8879 8973 8991 9199 9250 9363 9631 9874 9885 9914 10128 10329 10993 11115 11278 11387 15007 15049 15119 15192 15201 15219 15220 15253 15273 15292 15297 15357 15360 15364 15410 15432 15523 15540 15607 15631 15658 15667 15676 15700 15704 15705 15725 15729 15730 15741 15754 15804 15833 15841 15842 15852 15853 15899 15900 15901 15917 15918 15924 15925 15940 15967 16135 16189 20751 20755 20756 20760 20761 
	}
	weather={
	}
}
