
strategic_region={
	id=141
	name="STRATEGICREGION_141"
	provinces={
		64 171 498 546 547 811 1002 1042 1345 1363 1431 1550 1940 2026 2183 2322 2340 2404 2462 2491 2570 3030 3188 3298 3827 3999 4052 4100 4190 4201 4382 4621 4694 4731 4832 4954 4958 5258 5274 5487 5586 5625 5647 5700 5714 5989 6307 6371 6386 6616 6987 7013 7052 7075 7129 7235 7249 7254 7344 7381 7458 7790 7889 8039 8649 8675 8727 8751 9016 9164 9204 9236 9377 9464 9561 9633 9641 9780 10189 10227 10323 10332 10347 10468 10470 10485 10638 10684 10690 10697 10860 10864 10865 10964 11028 11188 11201 11262 11335 15338 15371 15447 15474 15475 15510 15511 15515 15548 15549 15576 15585 15586 15595 15627 15628 15629 15636 15652 15653 15654 15666 15683 15699 15702 15711 15712 15763 15771 15772 15782 15783 15790 15791 15802 15830 15849 15850 15865 15866 15873 15881 15895 15896 15897 15907 15956 15957 15964 16063 16087 16093 16113 16124 16160 16171 16234 16257 16294 16305 16306 
	}
	naval_terrain=water_fjords
	weather={
	}
}
