
strategic_region={
	id=153
	name="STRATEGICREGION_153"
	provinces={
		354 622 654 729 808 830 871 944 1341 1398 1664 1748 1758 1801 2044 2083 2118 2276 2300 2316 2574 2658 2662 2736 2891 3183 3408 3462 3485 3545 3658 3738 3864 4338 4452 4674 4809 4937 4942 4991 5109 5306 5819 6004 6005 6017 6031 6148 6277 6347 6437 6450 6484 6792 6822 6867 7267 7305 7979 8022 8026 8310 8422 8903 9008 9040 9052 9400 9474 9610 9634 9980 10140 10188 10191 10212 10254 10271 10289 10935 10983 11015 11293 11369 11391 11403 11410 11435 11515 11558 11571 11634 18917 18990 18996 19009 19016 19025 19057 19079 19085 19098 19099 19125 19135 19141 19154 19168 19175 19186 19191 19197 19211 19216 19224 19229 19233 19240 19248 19271 19283 19291 19295 19303 19307 19332 19333 19334 19344 19345 19360 19361 19376 19377 19386 19392 19401 19426 19427 19447 19451 19456 19460 19485 19499 19502 19503 19515 19523 19552 19557 19560 19566 19587 19591 20717 20840 
	}
	weather={
	}
}
