
strategic_region={
	id=158
	name="STRATEGICREGION_158"
	provinces={
		396 525 595 829 898 1032 1383 1542 1605 1657 1750 1850 1885 1960 1989 2072 2131 2283 2304 2533 2562 2565 2745 3021 3051 3126 3165 3285 3296 3366 3539 3624 3781 3782 3900 4011 4032 4241 4529 4558 4789 5043 5512 5518 5571 5704 5789 5982 6231 6242 6373 6511 6579 6699 6848 6857 6862 6962 7027 7034 7382 7494 7510 7612 7661 7704 7831 7866 7871 8001 8219 8329 8372 8411 8440 8510 8765 8855 8904 8914 8953 9045 9046 9131 9216 9274 9275 9336 9379 9470 9686 9775 10082 10186 10293 10660 10810 10838 10893 11120 11163 11178 11198 11248 11319 11345 11348 17619 17646 17664 17665 17672 17684 17704 17710 17738 17757 17758 17791 17802 17813 17843 17844 17888 17901 17912 17942 17953 17962 17991 18012 18044 18045 18053 18077 18078 18129 18141 18158 18167 18180 18195 18221 18222 18241 18256 18273 18321 18333 18334 18335 18336 18368 18403 18404 18417 18427 18450 18524 18546 18551 18552 18566 18582 18590 18600 18601 18602 18603 18653 18661 18668 18689 18726 18753 18773 20821 
	}
	weather={
	}
}
