
strategic_region={
	id=160
	name="STRATEGICREGION_160"
	provinces={
		190 273 791 976 1019 1087 1282 1564 2086 2125 2228 2383 2474 2535 2694 2792 3037 3128 3444 3576 4103 4290 4555 4929 5236 5442 5642 6303 6313 6956 6970 7259 7399 7436 7449 7467 7486 7530 8295 8513 8938 9330 9401 9531 9666 10050 10130 10141 10292 11047 11130 11152 11436 11641 18591 18633 18634 18646 18669 18694 18703 18740 18745 18754 18774 18793 18799 18814 18829 18830 18831 18836 18847 18878 18879 18896 18906 18918 18933 18945 18946 18952 18960 18968 18969 18972 18973 18977 18997 19010 19017 19026 19027 19042 19073 19080 19094 19100 19110 19118 19129 19142 19262 20302 20303 20304 20306 20307 20713 20714 20722 20834 20835 20842 
	}
	weather={
	}
}
