
strategic_region={
	id=161
	name="STRATEGICREGION_161"
	provinces={
		455 741 1361 1468 1528 1813 1826 1891 2029 2148 2205 2349 2376 2415 2531 2912 2991 3043 3249 3585 3627 3903 4131 4442 4615 4662 4778 4813 4916 5328 6019 6167 6192 6402 6504 6711 6769 6861 6884 6970 7077 7472 7531 7749 8141 8338 8497 8528 8798 8868 9234 9302 9333 9457 9572 9891 10068 10178 10693 10729 10783 10823 10884 10950 10959 10985 11047 11141 11177 11434 11492 11641 17860 17890 17902 17913 17933 17948 17963 17992 18013 18023 18024 18036 18061 18104 18105 18111 18142 18152 18181 18196 18201 18211 18234 18242 18243 18264 18301 18309 18337 18359 18379 18390 18396 18405 18406 18443 18458 18468 18474 18485 18501 18509 18516 18534 18553 18560 18561 18573 18583 18591 18611 18612 18623 18624 18669 18672 20303 20305 20816 20823 20825 
	}
	weather={
	}
}
