
strategic_region={
	id=162
	name="STRATEGICREGION_162"
	provinces={
		6 239 470 645 670 766 1003 1019 1082 1148 2206 2239 2535 2547 2607 2613 2727 2847 3037 3161 3185 3251 3376 3444 3635 3773 4070 4205 4363 4801 4823 4883 4929 5334 5529 5634 5642 5658 5681 5880 6015 6133 6209 6471 7043 7214 7467 7486 7631 7644 7795 8323 8646 8940 8974 9134 9205 9245 9276 9542 9765 9839 9977 10050 10110 10114 10141 10206 10239 10691 10765 10794 10955 11036 11385 11398 11400 18244 18265 18360 18451 18459 18574 18584 18625 18626 18647 18681 18695 18712 18718 18755 18766 18775 18787 18824 18825 18872 18879 18880 18881 18886 18934 18935 18947 18960 18973 18978 18991 18992 19026 19027 19035 19042 19043 19046 19051 19073 19074 19080 19086 19094 19095 19111 19112 19118 19143 19144 19159 19176 19230 19234 19253 19262 19279 20713 20714 
	}
	weather={
	}
}
