
strategic_region={
	id=163
	name="STRATEGICREGION_163"
	provinces={
		256 288 526 751 792 901 946 1313 1697 1780 1786 2115 2398 2456 2681 2774 2936 2961 3156 3196 3525 3608 3816 3871 3916 4150 4510 4624 5129 5314 5906 6419 6488 6518 6569 6633 6649 6914 6917 6958 7033 7132 7733 7982 8171 8193 8288 8516 9072 9160 9223 9371 9428 9965 9974 9999 10249 10547 10730 10763 10771 10977 10996 11241 11276 11339 11551 15265 15382 15425 15480 15501 15535 15563 15564 15574 15575 15612 15613 15623 15642 15645 15646 15670 15715 15722 15738 15769 15777 15778 15788 15793 15794 15816 15827 15878 15879 15886 15891 15892 15903 15923 15928 15939 15953 15954 15963 15971 15973 15974 16002 16010 16031 16067 16139 16168 16169 16192 16261 16267 16311 16312 16320 16335 16387 16419 16446 16463 16518 20286 20348 20413 20420 20521 20530 20569 20632 20647 
	}
	weather={
	}
}
