
strategic_region={
	id=22
	name="STRATEGICREGION_22"
	provinces={
		25 77 133 147 923 952 1155 1333 1800 2078 2467 2559 2711 2916 2935 2968 2970 3235 3533 3566 4600 4613 4695 4901 5012 5151 5223 5536 5610 5719 6230 6614 6817 6881 7146 7170 7196 7304 7354 7495 7546 7676 7676 7820 8020 8109 8134 8277 8322 8406 8552 9112 9150 9281 9376 9659 9807 9951 10013 10045 10129 10220 10319 10467 10508 10525 11164 11274 11336 11424 12472 12503 12527 12539 12546 12554 12590 12610 12665 12694 12698 12727 12787 12812 12877 12878 12883 12910 12921 12929 12934 12944 12956 12965 13022 13028 13029 13044 13056 13056 13062 13062 13063 13084 13136 13145 13148 13185 13194 13230 13234 13249 13266 13298 13333 13349 13370 13504 
	}
	weather={
	}
}
