
strategic_region={
	id=23
	name="STRATEGICREGION_23"
	provinces={
		97 107 414 643 883 961 1603 1715 2204 2280 2594 2600 2629 2777 2952 2962 3086 3561 3588 3778 3967 4307 4331 4468 4739 4741 5015 5208 5753 5944 6292 6367 6368 7690 7829 8114 8349 8417 8677 8843 9372 9621 9834 10303 10402 10472 10596 10802 10916 13000 13074 13082 13117 13127 13167 13176 13186 13195 13220 13221 13254 13276 13280 13286 13292 13314 13317 13322 13325 13342 13343 13350 13371 13389 13390 13391 13413 13469 20276 20633 
	}
	naval_terrain=water_fjords
	weather={
	}
}
