
strategic_region={
	id=25
	name="STRATEGICREGION_25"
	provinces={
		355 536 1634 1653 2285 2285 2416 2802 2927 3558 3558 3696 3696 3790 3872 4084 4267 4289 4433 4826 5192 5192 5360 5855 5855 5960 6008 6085 6118 6258 6258 6393 6754 6876 7026 7708 7752 7875 8111 8178 8178 9509 9509 9715 9720 10372 10420 10460 10937 11137 11223 11308 11477 11629 12903 12906 12906 12913 12925 12925 12945 12946 12953 12953 12966 12991 13002 13009 13009 13039 13039 13042 13065 13065 13075 13079 13085 13087 13105 13105 13112 13122 13123 13124 13162 13162 13163 13170 13170 13178 13187 13187 13204 13208 13209 13209 13217 13222 13232 13233 13256 13257 13258 13269 13284 13299 13327 13335 13336 13379 13406 
	}
	weather={
	}
}
