
strategic_region={
	id=26
	name="STRATEGICREGION_26"
	provinces={
		44 187 290 461 522 831 1101 1277 1781 1915 1945 2278 2287 2377 2510 2636 2692 3200 3453 3867 3943 3950 4009 4278 4511 5284 5450 5538 5679 5721 5820 5864 6269 6964 7065 7073 7693 7729 7805 7861 7873 8172 8699 8822 8964 9004 9272 9331 9586 9709 10259 10269 10394 10433 10551 10877 11143 11496 11572 11646 13268 13293 13300 13301 13346 13354 13361 13380 13398 13417 13418 13419 13422 13427 13463 13471 13475 13477 13495 13497 13537 13557 13563 13567 13611 13616 13620 13638 13658
	}
	weather={
	}
}
