
strategic_region={
	id=27
	name="STRATEGICREGION_27"
	provinces={
		30 506 833 833 1305 1385 1393 1639 1639 1979 1979 2167 2167 2357 2766 2855 2855 2879 3036 3064 3308 3382 3415 3604 3689 3740 4198 4198 4436 4436 4585 4650 4681 4681 4841 5032 5230 5230 5405 5457 5457 5795 6059 6059 6226 6226 6251 6677 7481 7662 8065 8065 8527 8668 9114 9209 9410 9697 9697 9703 9849 9887 9887 9888 9936 10225 10417 10417 11045 11191 11506 11560 11575 11581 13352 13352 13355 13355 13366 13366 13372 13411 13411 13436 13436 13437 13437 13490 13490 13491 13491 13517 13517 13530 13551 13551 13552 13574 13574 13589 13589 13603 13603 13621 13623 13623 13648 13648 13652 13652 13660 13674 13675 13675 13701 13709 13712 13712 13713 13713 13726 13726 13747 13748 13749 13749 13765 13770 13813 13822 13898 
	}
	weather={
	}
}
