
strategic_region={
	id=30
	name="STRATEGICREGION_30"
	provinces={
		54 138 150 246 347 416 695 760 1180 1187 1214 1387 1517 1751 1883 2079 2091 2464 2558 3090 3095 3440 3750 3981 4120 4191 4257 4298 4362 4401 4660 4669 4854 5127 5398 5410 6037 6037 6048 6056 6140 6233 6503 6588 6696 6789 6821 6878 7201 7273 7301 7419 7556 7561 7755 7894 7902 7936 8038 8078 8234 8245 8258 8269 8403 8489 8580 9264 9421 9684 9838 10331 10351 10385 10533 10751 11013 11094 11454 13736 13775 13781 13806 13812 13866 13874 13930 13939 13946 13963 13998 14004 14068 14070 14071 14108 14129 14132 14164 14165 14173 14192 14193 14205 14217 14238 14255 14278 14294 14296 14305 14308 14320 14326 14341 14359 14375 14393 14403 14418 14441 14450 14459 14460 14465 14485 14502 14518 14525 14526 14539 14553 14558 14564 14565 14597 14598 14625 14657 14668 14686 14737 14743 
	}
	weather={
	}
}
