
strategic_region={
	id=31
	name="STRATEGICREGION_31"
	provinces={
		102 139 166 842 1025 1100 1119 1138 1153 1271 1392 2146 2254 2436 2603 3157 3231 3262 3267 3305 3314 3439 3478 3661 3849 3886 3969 4042 4061 4159 4305 4477 4477 4506 4592 5497 5514 5593 5666 5768 5835 5913 5968 5996 6470 6640 6721 6761 7161 7210 7388 7393 7554 7578 7578 7730 7943 8017 8100 8228 8255 8268 8274 8484 8793 8805 8888 8913 9152 9163 9189 9238 9303 9356 9626 9759 9814 9979 9979 10042 10119 10301 10401 10627 10647 10871 10873 11106 11358 11367 11399 11439 11447 11518 11604 14701 14758 14759 14760 14769 14775 14831 14867 14873 14909 14910 14928 14935 14935 14936 14950 14958 14979 14980 14990 15045 15046 15047 15067 15068 15069 15082 15116 15131 15146 15179 15190 15198 15261 15333 15340 15341 15348 15349 15394 15401 15402 15417 15427 15428 15438 15476 15483 15493 15512 15516 15529 15538 15550 15551 15569 15577 15578 15591 15605 15655 15674 15690 15703 15724 15739 15784 15809 
	}
	weather={
	}
}
