
strategic_region={
	id=32
	name="STRATEGICREGION_32"
	provinces={
		553 628 909 1020 1070 1095 1421 1556 1707 1724 1821 1903 1924 2038 2250 2299 2320 2350 2469 2530 2676 2680 3015 3700 4015 4024 4113 4236 4323 4410 4504 4551 4578 4688 4862 5046 5277 5494 5509 5522 5532 5760 6099 6315 6738 6762 6823 7188 7327 7582 7697 8285 8398 8464 8853 9057 9194 9352 9754 10248 10339 10560 10673 10911 10947 11051 11242 11279 11352 11605 11616 15168 15208 15217 15242 15270 15291 15342 15374 15375 15409 15418 15456 15484 15494 15504 15517 15530 15570 15579 15580 15656 15657 15675 15684 15691 15744 15753 15764 15803 15823 15831 15851 15898 15915 15932 15965 15996 16006 16094 16195 16235 16280 
	}
	weather={
	}
}
