
strategic_region={
	id=33
	name="STRATEGICREGION_33"
	provinces={
		327 441 794 1231 1476 1663 2245 2360 2637 3543 3810 3821 3856 3890 4357 4472 4563 4656 4764 4833 4869 4928 4984 5009 5082 5387 5422 5449 5628 5941 6128 6135 6803 7022 7117 7735 7957 8087 8096 8106 8153 8414 8536 8642 8684 9123 9423 9627 10260 10667 10812 10862 10972 10997 11024 11095 11193 11306 11355 11432 11444 15718 15792 15819 15867 15944 15950 15958 16012 16021 16064 16134 16152 16188 16204 16205 16215 16236 16258 16273 16281 16295 16331 16336 16357 16365 16413 16456 16457 16492 16556 16646 16709 16729 
	}
	weather={
	}
}
