
strategic_region={
	id=40
	name="STRATEGICREGION_40"
	provinces={
		345 352 372 632 668 1146 1685 2911 2974 3481 3736 3839 3972 3975 4014 4825 5078 5251 5380 5396 5838 6163 6400 6467 6493 6523 6753 6771 6866 7078 7174 7498 7698 7942 8126 8459 8689 8966 9142 9933 10202 10578 11097 11347 11392 15117 15191 15200 15271 15272 15281 15307 15334 15350 15351 15352 15372 15386 15403 15420 15429 15439 15448 15477 15495 15505 15522 15552 15553 15571 15596 15606 15630 15648 15740 15832 15874 15908 15966 16034 
	}
	weather={
	}
}
