
strategic_region={
	id=41
	name="STRATEGICREGION_41"
	provinces={
		471 558 903 1317 1384 2152 2382 2827 2925 3565 3785 4328 4453 4537 4828 4960 5123 5782 5893 6023 6228 6305 6447 6790 7103 7480 7707 7953 8144 8655 8754 9172 9480 9494 9495 9504 9649 9757 10424 10646 10680 10827 11053 14644 14672 14689 14703 14704 14718 14783 14804 14808 14843 14851 14858 14859 14951 14952 14973 14982 15018 15026 15048 15076 15077 15148 15162 15163 15169 15183 15186 15209 15262 15282 15283 15308 15309 15395 
	}
	weather={
	}
}
