
strategic_region={
	id=42
	name="STRATEGICREGION_42"
	provinces={
		180 1016 1156 1256 1285 1705 1739 1772 1898 2202 2212 3149 3586 4085 4098 4176 4199 4320 4873 5016 5085 5153 5247 5534 5869 6356 6782 7477 7737 8334 8482 8608 8611 8653 9092 9125 9406 9656 9859 9985 10063 10131 10370 10973 11323 14140 14194 14206 14228 14244 14258 14264 14291 14292 14298 14311 14328 14336 14352 14368 14380 14387 14388 14396 14405 14429 14436 14437 14474 14475 14510 14519 14572 14615 14629 14653 14776 20736 
	}
	weather={
	}
}
