
strategic_region={
	id=43
	name="STRATEGICREGION_43"
	provinces={
		104 460 562 963 975 1749 1760 1817 2209 2331 2528 2586 2848 3230 3614 4104 4107 4211 4293 4414 4456 4485 4830 4848 5324 5362 5799 5871 5937 5981 6057 6200 6218 6626 6719 6906 7081 7200 7470 7569 7916 7935 8173 8788 8813 8861 8896 9025 9180 9261 9516 9652 9857 9916 10184 11069 11090 11257 11461 14219 14257 14269 14270 14297 14310 14335 14360 14361 14386 14395 14419 14420 14452 14461 14468 14482 14567 14577 14578 14584 14585 14586 14606 14626 14627 14628 14639 14671 14684 14702 14715 14728 14744 14745 14782 14795 14796 14818 14819 14842 14868 14875 14891 14961 14991 15118 
	}
	weather={
	}
}
