
strategic_region={
	id=45
	name="STRATEGICREGION_45"
	provinces={
		784 784 1015 1015 1137 1143 1479 1667 1667 1674 1845 2124 2216 2332 2332 3223 3508 3892 3930 4147 4147 4622 6264 6604 6833 6833 7633 7924 8019 8046 8205 8325 8821 8821 9541 9568 9622 10014 10256 10532 10542 11222 11222 11235 11540 13595 13609 13630 13653 13661 13697 13706 13722 13739 13758 13777 13800 13807 13829 13858 13881 13908 13908 13923 13950 13950 13966 13972 13972 13977 13982 14023 14069 14095 14095 14124 14125 14148 14158 14179 14195 
	}
	weather={
	}
}
