
strategic_region={
	id=55
	name="STRATEGICREGION_55"
	provinces={
		243 406 442 641 685 1666 1839 2018 2021 2049 2141 2155 2516 2592 2643 2907 3375 3402 3487 3812 4064 4220 4339 4672 4715 4729 5389 5540 5769 6936 7074 7320 7502 7754 7812 7872 8378 8395 8809 8819 9289 9349 9471 9667 9763 10387 10437 10455 10669 10793 11522 11598 16482 16499 16550 16555 16577 16589 16653 16654 16736 16755 16760 16797 16831 16832 16859 16865 16877 16901 16902 16928 16945 16992 17032 17045 17050 17060 17101 17113 17119 17137 17145 17155 17174 17177 17202 17203 17211 17212 17225 17226 17249 17254 17267 17276 17284 17291 17310 17337 17368 17402 17408 17426 17437 
	}
	weather={
	}
}
