
strategic_region={
	id=56
	name="STRATEGICREGION_56"
	provinces={
		131 336 400 449 488 815 872 1076 1202 1452 1507 1879 2387 3175 3708 3726 3807 3979 4036 4048 4546 5547 5696 5784 6360 6380 6500 6708 6949 7212 7626 7761 7824 8297 8758 9462 9976 9992 10395 10901 11091 11597 17855 17899 17946 17985 18018 18019 18035 18098 18108 18125 18155 18175 18279 18298 18305 18313 18364 18372 18400 18413 18432 18464 18465 18491 18506 18507 18527 18528 18529 18595 18619 18714 18730 18749 
	}
	weather={
	}
}
