
strategic_region={
	id=57
	name="STRATEGICREGION_57"
	provinces={
		237 353 426 573 688 844 847 1300 1540 1541 1949 2169 2391 2422 2615 2748 3033 3177 3186 3219 3247 3260 3457 3650 4603 4710 4738 4898 5430 6130 6514 6618 6780 6798 7072 7085 7317 7432 7688 7939 7955 8302 9071 9200 9337 9922 10299 10380 10506 10564 10914 10915 11327 11537 17634 17679 17709 17713 17775 17776 17788 17794 17811 17856 17857 17880 17929 17941 17947 17951 17958 18020 18039 18049 18094 18109 18126 18136 18176 18191 18217 18228 18229 18269 18270 18280 18281 18314 18326 18346 18357 18373 18422 18448 18455 18492 18513 18565 18569 18579 18588 18665 20810 
	}
	weather={
	}
}
