
strategic_region={
	id=58
	name="STRATEGICREGION_58"
	provinces={
		48 201 225 253 393 694 704 720 987 1062 1173 1261 1268 1440 1554 1652 1831 1996 2144 2237 2296 2365 2435 2481 2569 2715 2885 3119 3252 3297 3307 3317 3386 3463 3468 3579 3599 3710 3733 3787 3796 3823 3842 4121 4225 4280 4334 4340 4469 4653 4664 4943 4961 5005 5071 5084 5204 5353 5379 5524 5578 5599 5604 5697 6499 6646 6647 6727 6939 6969 7133 7145 7323 7333 7402 7522 7679 7990 8031 8043 8059 8207 8230 8253 8483 8524 8663 8697 9095 9168 9269 9309 9323 9409 9466 9574 9584 9593 9655 9952 9964 10154 10338 10392 10701 10854 10886 10940 11062 11084 11101 11204 11359 11370 11457 18784 18804 18819 18840 18857 18861 18871 18890 18895 18902 18903 18920 18941 18942 18956 18965 19004 19005 19013 19021 19022 19031 19032 19038 19039 19049 19053 19068 19069 19088 19089 19092 19116 19122 19123 19128 19138 19156 19172 19174 19203 19218 19223 19227 19228 19244 19258 19259 19266 19281 19282 19288 19300 19305 19310 19317 19337 19341 19350 19364 19370 19371 19372 19379 19407 19423 19424 19430 19435 19436 19445 19463 19466 19473 19487 19488 19496 19518 19519 19520 19545 19546 19571 19582 19588 19593 19645 19652 
	}
	weather={
	}
}
