
strategic_region={
	id=61
	name="STRATEGICREGION_61"
	provinces={
		123 360 1006 1264 1570 1600 1618 1815 2098 2162 2208 2298 2431 2460 2486 2667 2851 3266 3427 3758 4299 4416 4429 4606 4758 4769 4842 5470 5624 5774 6348 6582 6585 6663 6670 6887 6954 7369 7392 7433 7958 8140 8603 8823 8847 9266 9386 9690 9738 9953 9962 9988 10097 10174 10243 10457 10513 10588 10807 11121 11243 11349 11509 11636 16788 16842 16858 16886 16906 16917 16939 16972 16991 16997 17008 17031 17059 17070 17080 17084 17092 17118 17129 17144 17165 17166 17173 17193 17220 17235 17243 17275 17290 17301 17302 17325 17342 17380 17388 17401 17474 17475 17480 17497 17498 17541 17542 17560 17609 17655 
	}
	weather={
	}
}
