
strategic_region={
	id=73
	name="STRATEGICREGION_73"
	provinces={
		285 410 652 1129 1131 1211 1616 1747 1805 1931 2359 2455 2480 2514 2549 2573 2794 2811 2919 3155 3401 4383 4579 4696 5091 5965 6007 6615 6813 7251 7403 7553 8243 8820 9063 9138 9246 9396 9478 9596 9644 9692 9776 9879 9946 10428 10917 10942 11059 11073 17744 17807 17808 17816 17817 17847 17865 17886 17893 17896 17938 17939 17965 18015 18031 18032 18065 18080 18081 18095 18134 18171 18172 18188 18189 18226 18227 18248 18249 18277 18278 18295 18338 18356 18383 18410 18411 18462 18489 18511 18512 
	}
	weather={
	}
}
