
strategic_region={
	id=8
	name="STRATEGICREGION_8"
	provinces={
		482 552 911 933 1033 1058 1111 1144 1377 1636 1719 1723 2465 2502 2702 2834 2860 2917 2960 2967 3076 3081 3553 3631 3811 4051 4069 4088 4203 4213 4277 4350 4922 5083 5089 5119 5218 5321 5352 5594 5596 5690 5931 5934 5971 6161 6170 6255 6446 6559 6561 6933 6981 7131 7579 7620 7655 7914 7989 8259 8651 8985 9212 9214 9218 9426 9558 9870 10054 10090 10161 10501 10552 10583 10598 10687 10698 10813 10949 11139 11517 12146 12193 12218 12225 12257 12271 12303 12308 12315 12326 12336 12357 12392 12408 12416 12422 12422 12433 12434 12450 12458 12459 12464 12504 12525 12526 12547 12563 12577 12580 12622 12624 12653 12656 12657 12683 12699 12728 12733 12734 12740 12754 12762 12763 12777 12778 12805 12827 12828 12837 12846 12847 12854 12866 12891 12911 12915 12930 12942 12960 12961 
	}
	weather={
	}
}
