
strategic_region={
	id=82
	name="STRATEGICREGION_82"
	provinces={
		53 99 203 487 607 759 799 924 1089 1150 1167 1248 1293 1580 1951 2598 2669 2705 2724 2746 2760 2942 3078 3116 3416 3741 3859 4093 4264 4268 4483 4608 4844 4974 4979 5086 5157 5250 5413 5464 5542 5849 5863 6026 6066 6244 6385 6557 6915 7063 7104 7425 7767 7868 7892 7920 8138 8231 8526 8558 8562 8688 8695 8775 8806 8880 8882 8928 9132 9544 9609 9618 9869 9873 10250 10279 10992 11000 11155 11175 11247 11487 19265 19314 19315 19330 19356 19369 19389 19394 19395 19428 19477 19478 19494 19507 19508 19509 19559 19567 19579 19596 19601 19608 19609 19614 19630 19640 19641 19654 19660 19669 19680 19694 19704 19709 19710 19719 19725 19733 19734 19754 19757 19763 19764 19779 19796 19813 19821 19840 19841 19842 19901 19942 19949 19993 20003 20027 20088 20115 20116 20119 20151 20154 20155 20172 20178 20179 20190 20191 20194 20209 20215 
	}
	weather={
	}
}
