
strategic_region={
	id=95
	name="STRATEGICREGION_95"
	provinces={
		203 494 500 733 1089 1232 1515 1571 1744 2025 2076 2100 2534 2598 2755 2764 2975 2980 3537 3744 3797 3832 3956 4093 4141 4160 4351 4557 4855 5086 5243 5439 5527 5584 5865 6071 6142 6297 6459 6952 6990 7019 8045 8061 8291 8344 8641 8766 8799 8882 9082 9442 9501 9556 9731 9873 10100 10250 10311 10899 11017 11103 11200 11338 11466 19630 19673 19680 19684 19695 19734 19771 19779 19780 19796 19822 19828 19843 19847 19865 19881 19896 19911 19918 19937 19950 19959 19969 19975 19987 20004 20012 20013 20034 20041 20072 20073 20074 20075 20098 20117 20121 20135 20143 20168 20173 20192 20199 20204 20210 20216 20234 20236 20237 20239 20242 20246 20251 20252 
	}
	weather={
	}
}
