
strategic_region={
	id=97
	name="STRATEGICREGION_97"
	provinces={
		48 281 512 583 717 719 1268 1339 1408 1554 1631 1645 1652 2434 2885 2948 3040 3299 3584 3628 4269 4646 5084 5253 5508 5800 5857 6245 6301 6410 6499 6555 6609 6903 6939 7380 7976 8210 8357 8432 8508 8584 8588 8718 8794 9360 9493 9655 9850 9938 9947 10018 10145 11204 11253 11457 19227 19258 19281 19299 19328 19341 19370 19412 19419 19423 19435 19482 19512 19518 19519 19539 19545 19548 19593 19617 19618 19623 19633 19644 19657 19677 19686 19696 19706 19712 19727 19735 19759 19766 19776 19811 19814 19825 19826 19856 19866 19877 
	}
	weather={
	}
}
