
strategic_region={
	id=98
	name="STRATEGICREGION_98"
	provinces={
		294 326 559 806 807 818 953 974 1073 1209 1347 1418 1609 1944 2194 2274 2352 2735 2888 2921 3279 3330 3388 3471 3550 3560 3745 3761 3960 4007 4063 4117 4256 4324 4384 4475 4628 4641 4740 5095 5280 5576 5958 6364 6827 6893 7156 7297 7410 7438 7526 7594 7750 7794 7899 8072 8083 8376 8470 8529 8683 8931 8939 9023 9122 9127 9420 9545 9708 9809 9913 9973 9987 10246 10300 10367 10639 10882 10913 11060 11268 11584 19798 19835 19836 19867 19878 19884 19899 19906 19920 19921 19929 19930 19952 19960 19961 19967 19970 19978 19979 19983 19997 20007 20036 20047 20053 20068 20101 20109 20124 20133 20136 20146 20160 20175 20195 20196 20197 20201 20202 20205 20212 20230 20231 20233 20240 20241 20243 20244 20245 20247 20250 20253 20254 20255 20256 20257 20258 20259 20262 
	}
	weather={
	}
}
