5 18 15809 15739 2254 10042 102 9152 4506 15067 4477 7210 14743 4854 9264 5127 5410 14294 14217 8269 
2 14 15809 15739 4592 15690 10627 5514 15674 15605 5497 10301 4305 9163 15417 15339 
3 3 102 15427 15417 
3 6 2254 8100 5768 1271 8913 15341 
2 8 15341 9814 3478 8268 8484 15082 5593 11518 
2 13 15655 1392 15551 5666 7388 15516 1100 15591 15550 1025 9238 3305 5768 
2 5 14775 4061 14867 14935 4477 
2 8 14775 7161 14701 10871 14759 3661 14760 3267 
2 8 8403 14598 14539 7419 14459 6503 14393 14305 
3 10 5127 14418 6140 3095 6821 8234 4120 14296 4191 14305 
2 8 13866 7301 13939 6789 4669 14108 2079 4120 
2 3 11518 9303 3661 
