state={
	id=105
	name="STATE_105"
	provinces={
		8 338 1098 1174 1246 1711 1804 1867 2579 2633 2640 2759 2771 3300 3717 3836 3925 3963 4013 4224 5065 5180 5291 5543 5552 5651 5708 5923 6261 6554 6607 6843 7351 7789 7969 7971 8159 8304 8431 8752 8790 9022 9335 9424 9865 10363 10677 10859 11012 13585 13632 13654 13655 13663 13668 13691 13698 13704 13705 13723 13734 13738 13760 13761 13771 13772 13773 13778 13809 13816 13830 13836 13891 13901 13902 13941 13951 14065 14088 
	}
	history={
	}
	manpower = 2000000
    state_category = town
	buildings_max_level_factor=1.000
}
