
state={
	id=107
	name="STATE_107"
	provinces={
		891 1763 2016 2251 2308 2709 2752 2981 3061 3080 3332 3920 4206 4539 5006 5377 5616 5702 5770 5922 5988 6049 6195 6366 6534 6777 6947 7500 7760 7919 7948 7949 8089 8634 8755 8836 9257 9450 9581 10087 10196 10285 10464 10809 11234 11520 13583 13596 13601 13610 13625 13641 13642 13685 13694 13695 13703 13729 13731 13751 13755 13762 13763 13817 13846 13870 13871 13892 13913 13934 13988 14008 14031 14076 14090 14091 20734 
	}
	history={
	}
	manpower=1000000
	buildings_max_level_factor=1.000
	state_category=town
	local_supplies=0.000
}
