state={
	id=114
	name="STATE_114"
	provinces={
		420 425 485 517 761 840 905 1018 1504 1752 2191 2641 3013 3016 3160 3173 3239 3597 3618 3829 4489 4768 5206 5452 6568 6759 6898 6980 7053 8084 8362 8451 8540 8549 8630 8722 8831 8917 9038 9254 9547 9981 10240 10440 10654 10738 10798 10953 11114 11381 11402 11530 11531 13798 13818 13832 13859 13872 13877 13878 13883 13918 13919 13927 13928 13936 13937 13953 13961 13968 13975 13985 13995 14039 14040 14041 14046 14050 14067 14077 14092 14093 14101 14120 14121 14128 14155 14162 
	}
	history={
	}
	manpower = 2000000
    state_category = town
	buildings_max_level_factor=1.000
}
