state={
	id=117
	name="STATE_117"
	provinces={
		405 674 1147 1205 1442 1559 1907 1956 2318 2781 2905 3273 3321 3447 3459 3467 3942 4178 4230 4839 4994 5374 5472 5657 5809 6154 6232 6423 6547 6748 7241 7900 8586 8609 8650 8908 9055 9310 9732 9915 10193 10477 10585 11203 11286 13876 13940 13983 13993 14016 14073 14079 14085 14136 14137 14159 14169 14183 14184 14186 14223 14234 14271 14272 14282 14283 14299 14312 14329 14345 
	}
	history={
		owner = WAC
		add_core_of = WAC
	}
	manpower=1000000
    state_category = town
	buildings_max_level_factor=1.000
}
