state={
	id=125
	name="STATE_125"
	provinces={
		106 344 774 851 918 981 1355 1382 1756 1901 1935 1965 2151 2248 2335 3241 3353 3516 3535 3929 3984 4317 4385 4447 4482 4487 4594 4795 4964 4978 4992 5054 5098 5222 5558 5711 5905 6107 6210 6224 6372 6434 6510 6638 6941 7257 7518 7649 7934 7963 8092 8093 8105 8441 8664 8678 8682 9549 9890 9958 10139 10337 10355 10497 10544 10546 10587 10754 10870 11246 13996 14025 14032 14042 14051 14052 14094 14111 14122 14172 14191 14199 14208 14214 14260 14266 14276 14304 14340 14400 14449 14479 14521 14656 14681 14726 14727 14732 14840 14940 14956 14986 
	}
	history={
	}
	manpower=1000000
    state_category = town
	buildings_max_level_factor=1.000
}
