
state={
	id=126
	name="STATE_126"
	provinces={
		96 1489 1599 1649 1871 2215 2334 2477 3164 3342 3704 3799 4082 4164 4420 4431 4945 5104 5126 5461 5901 6207 6637 6686 6996 7038 7274 7627 7951 8280 9104 9378 9521 9762 9877 10108 10662 10804 11026 11210 11282 13938 14034 14047 14103 14106 14247 14350 14401 14427 14434 14458 14472 14498 14507 14532 14544 14551 14552 14576 14589 14590 14611 14624 14638 14650 14713 20737 
	}
	history={
	}
	manpower = 2000000
	buildings_max_level_factor=1.000
	state_category=town
	local_supplies=0.000
}
