state={
	id=129
	name="STATE_129"
	provinces={
		145 324 364 377 519 539 577 702 796 1075 1145 1208 1243 1311 1327 1399 1467 1558 1577 1767 1775 1796 1994 2109 2170 2182 2233 2269 2773 2880 3509 3619 3668 3893 4059 4135 4171 4386 4499 4580 4763 4766 4837 5342 5969 6081 6092 6253 6257 6381 6431 6739 6746 6835 7041 7119 7338 7505 7513 7558 7604 7718 7745 7867 8073 8137 8337 8385 8473 8509 8773 8854 8918 9116 9120 9201 9265 9425 9537 9861 9997 10056 10252 10280 10416 10724 10772 10869 11149 11443 11594 14161 14202 14213 14246 14275 14288 14302 14324 14348 14383 14407 14415 14432 14464 14478 14516 14533 14549 14550 14593 14609 14610 14612 14654 14665 14675 14679 14695 14696 14708 14724 14746 14752 14771 14772 14788 14799 14806 14813 14814 14815 14816 14817 14821 14836 14837 14847 14856 14863 14886 14887 14888 14901 14902 14919 14920 14926 14939 14955 14967 14975 14994 15003 15004 15005 15030 15038 15054 15073 15087 15088 15114 15154 15155 15175 15224 15278 
	}
	history={
	}
	manpower=1000000
    state_category = town
	buildings_max_level_factor=1.000
}
