state={
	id=130
	name="STATE_130"
	provinces={
		232 254 444 821 943 964 970 1107 1252 1303 1832 2027 2080 2238 2260 2458 2520 2610 2699 2817 2826 3067 3289 3310 3385 3489 3522 3940 4130 4486 4561 4670 4918 5067 5114 5264 5293 5493 5632 5817 5979 6072 6175 6593 6680 7031 7219 7405 7418 7572 7611 7784 7959 8428 8437 8687 8863 8954 9219 9385 9822 9959 10356 10410 10414 10880 10941 11122 11136 11140 11350 11603 11607 14163 14177 14203 14207 14216 14222 14241 14242 14253 14289 14293 14313 14349 14355 14356 14362 14371 14378 14379 14408 14409 14433 14447 14455 14456 14470 14471 14483 14492 14493 14501 14531 14574 14581 14594 14602 14623 14634 14641 14666 14667 14697 14710 14742 14747 14753 14773 14778 14838 14876 14882 14912 14944 14968 15023 15039 15056 15065 
	}
	history={
	}
	manpower=1000000
    state_category = town
	buildings_max_level_factor=1.000
}
