state={
	id=134
	name="STATE_134"
	provinces={
		154 163 421 469 819 863 881 910 1017 1166 1213 1255 1274 1289 1485 1610 1706 1713 1982 2077 2160 2463 2591 2631 2753 3088 3246 3369 3491 3524 3699 3753 3850 3889 3899 3949 3989 4090 4102 4126 4217 4272 4284 4527 4704 4730 4886 4966 5112 5592 5703 5797 6001 6024 6352 6362 6420 6479 6517 6629 6796 6988 7096 7112 7147 7190 7247 7260 7278 7487 7837 7880 8011 8203 8237 8379 8382 8425 8430 8450 8576 8589 8674 8710 8761 8764 8795 8869 8876 9113 9166 9324 9810 9957 10028 10030 10148 10267 10315 10374 10381 10386 10818 11010 11080 11100 11362 14211 14230 14259 14366 14382 14425 14426 14453 14490 14601 14618 14674 14692 14693 14694 14721 14741 14835 14846 14855 14892 14938 14966 15010 15011 15029 15053 15064 15086 15101 15122 15132 15141 15142 15152 15153 15184 15213 15249 15300 15312 15313 15328 15355 15414 15423 15470 15489 15497 15498 15506 15513 15520 15527 15555 15560 15584 15602 15662 15696 15706 15735 15820 15837 15838 15869 15941 15991 16015 16029 16057 16072 16085 16121 16138 16141 16148 16191 
	}
	history={
	}
	manpower=1000000
    state_category = town
	buildings_max_level_factor=1.000
}
