state={
	id=136
	name="STATE_136"
	provinces={
		479 711 858 979 1054 1454 1875 1962 1973 2042 2645 3018 3022 3065 3102 3346 3497 3531 3814 4237 4368 4413 5099 5256 5269 6341 6406 6747 6768 6919 6940 7765 8131 8657 8815 8844 8886 9419 9680 10223 10603 10607 11239 11263 11375 11413 14209 14218 14233 14256 14309 14342 14343 14376 14385 14390 14394 14410 14428 14442 14466 14500 14515 14540 14571 14605 14635 14642 14652 14669 14670 14683 14687 14688 14761 14762 14841 
	}
	history={
		owner = WPR
		add_core_of = WPR
	}
	manpower=1000000
    state_category = town
	buildings_max_level_factor=1.000
}
