state={
	id=137
	name="STATE_137"
	provinces={
		47 703 969 1090 1480 2270 2506 3529 3683 3826 4058 4163 4181 4210 4227 5182 5383 5414 5549 5550 5675 5691 6054 6069 6199 6486 6818 6882 7105 7353 7372 7630 7865 8013 8097 8190 8267 8615 8681 8825 8829 8999 9078 9230 9305 9359 9651 9768 9989 10308 10491 10918 11043 11123 11227 14254 14303 14314 14325 14367 14372 14384 14392 14416 14439 14448 14457 14505 14506 14534 14556 14563 14575 14582 14588 14595 14603 14619 14620 14655 14680 14685 14711 14725 14767 14768 14774 14800 14839 
	}
	history={
	}
	manpower=1000000
    state_category = town
	buildings_max_level_factor=1.000
}
