state={
	id=143
	name="STATE_143"
	provinces={
		193 538 947 1077 1627 2560 2663 2722 2915 3047 3227 3236 3276 3281 3649 4757 4951 5021 5214 5424 5735 5748 6123 6563 6687 6913 7025 7191 7256 7715 8076 9451 9701 9766 10022 10325 10586 10874 10931 11083 11128 11420 11493 14322 14364 14412 14421 14422 14430 14443 14444 14476 14487 14488 14504 14528 14529 14530 14547 14554 14559 14607 14616 14647 14659 14660 14673 14690 14705 14763 
	}
	history={
	}
	manpower = 2000000
    state_category = town
	buildings_max_level_factor=1.000
}
