
state={
	id=149
	name="STATE_149"

	history={
	}

	provinces={
		333 535 541 778 852 874 1139 1389 1416 1740 1840 1894 2028 2442 2482 2731 3170 3335 3355 3569 3669 3694 3747 3947 4360 4876 4997 5155 5635 5881 6036 6129 6495 6532 6765 6986 7221 7577 7590 7993 8099 8143 8263 8282 8433 8525 8801 9000 9188 9440 9882 9905 9996 10151 11029 11328 11404 11479 11552 14438 14446 14513 14520 14542 14548 14580 14592 14599 14600 14608 14632 14636 14640 14648 14662 14663 14664 14706 14750 14751 14770 14785 14786 14787 14833 14834 14862 14880 14925 14948 15000 15001 15099 15212 20739 
	}
	manpower = 2000000
	buildings_max_level_factor=1.000
	state_category=town
	local_supplies=0.000
}
