
state={
	id=151
	name="STATE_151"
	provinces={
		337 683 804 1154 1820 2511 2697 2706 2750 2904 3469 3480 3776 4716 4805 4885 6010 6018 6162 6379 6440 6741 6904 6960 7303 7492 7557 8188 8690 9229 9907 10052 10058 10423 10577 10582 10939 11261 11294 11341 14512 14560 14569 14622 14630 14661 14719 14731 14738 14739 14777 14789 14790 14825 14832 14845 14861 14885 14992 14999 15021 15052 15072 15078 15103 15188 15221 15327 20746 
	}
	history={
	}
	manpower=1000000
	buildings_max_level_factor=1.000
	state_category=town
	local_supplies=0.000
}
