
state={
	id=152
	name="STATE_152"

	history={
	}

	provinces={
		46 439 569 1691 2289 2336 2507 3278 3306 3504 3656 3798 3860 4025 4128 4170 4435 4967 5174 5331 5407 5432 5454 5557 5621 5777 6265 6278 6318 6714 6775 7009 7123 7562 7842 7854 7913 8029 8037 8125 8156 8401 8471 8537 8988 9066 9119 9508 9569 9678 9756 9798 10006 10118 10258 10418 10896 11086 11167 11290 11296 11357 11497 11523 11644 14561 14579 14631 14720 14740 14766 14784 14791 14805 14826 14852 14853 14854 14879 14911 14918 14923 14924 14954 14965 14993 15028 15062 15063 15084 15085 15098 15140 15151 15164 15173 15189 15195 15204 15211 15222 15223 15263 15294 15299 15311 15345 15366 15388 15406 15421 15422 15449 15459 15487 15488 15583 15669 15776 15921 15936 15970 16000 20744 
	}
	manpower=1000000
	buildings_max_level_factor=1.000
	state_category=town
	local_supplies=0.000
}
