
state={
	id=157
	name="STATE_157"
	provinces={
		93 158 925 1590 1892 2171 3054 3105 3242 3853 4243 4359 4635 4799 5515 5520 6498 7167 7230 7397 7614 7709 7826 7910 7937 8132 8264 9089 9307 9369 9706 9785 10591 10761 10800 11219 11229 16823 16830 16863 16864 16883 16916 16937 16942 16978 16994 16995 17004 17005 17066 17067 17077 17127 17142 17151 17161 17162 17207 17223 17248 17346 17377 
	}
	history={
	}
	manpower=1000000
	buildings_max_level_factor=1.000
	state_category=town
	local_supplies=0.000
}
