
state={
	id=161
	name="STATE_161"

	history={

	}

	provinces={
		117 274 594 623 849 1007 1175 1260 1312 1350 1534 1655 1677 1853 2277 2440 2489 2557 2695 2744 2829 2928 3049 3103 3377 3536 3640 3673 3801 3935 4137 4192 4263 4503 5294 5371 5436 5629 5740 5867 5892 6103 6109 6279 6444 6639 7551 7555 7622 7669 7985 8163 8387 8454 8538 8557 8577 8830 9554 9577 9774 9889 9908 10067 10111 10626 10752 11004 11044 11068 11483 11592 14764 14810 14811 14820 14844 14871 14878 14884 14917 14930 14943 14947 14964 14974 15019 15020 15027 15037 15050 15051 15107 15113 15120 15121 15139 15180 15181 15187 15232 15233 15248 15255 15326 15353 15354 15376 15377 15387 15405 15433 15458 15485 15518 15573 15597 15598 15659 15678 15693 15719 15726 15731 15745 15765 15861 15887 15919 20752 20757 
	}
	manpower=2000000
	buildings_max_level_factor=1.000
	state_category=town
	local_supplies=0.000
}
