state={
	id=162
	name="STATE_162"
	provinces={
		308 407 663 884 1000 1508 1825 2374 2457 2653 2779 2884 2890 3011 3520 4186 4319 4773 5188 5273 6065 6078 6354 6562 6937 7024 7127 7159 7409 7497 7568 7639 7738 8360 8474 8564 8627 8946 10177 10304 10404 10720 10835 11104 11500 11609 14649 14801 14822 14827 14828 14864 14894 14903 14904 14913 14927 14931 14949 14976 15013 15066 15102 15115 15125 15134 15158 15176 15177 15225 15239 15244 15250 15301 15321 15322 
	}
	history={
	}
	manpower=1000000
    state_category = town
	buildings_max_level_factor=1.000
}
