
state={
	id=163
	name="STATE_163"
	provinces={
		278 581 627 995 1092 1569 1699 2468 2929 3274 3288 3922 4083 5064 5285 5441 5781 6673 6894 6977 7876 7918 8347 8707 8716 8816 9198 9441 9876 10297 10349 10550 10648 10743 10820 10921 11009 11196 17718 17730 17798 17804 17862 17875 17917 17925 17936 17944 17950 17972 18014 18047 18085 18114 18115 18121 18224 18247 18276 18445 18525 20814 
	}
	history={
	}
	manpower = 2000000
	buildings_max_level_factor=1.000
	state_category=town
	local_supplies=0.000
}
