
state={
	id=165
	name="STATE_165"

	history={
		owner = NMI
		add_core_of = NMI

	}

	provinces={
		1178 1179 1461 2095 2120 2256 2353 2659 3052 3915 4166 4262 4449 4680 4944 5270 5660 5842 6067 6700 7116 7220 7860 8064 8506 8566 9176 9235 9240 9448 9646 10128 10329 10541 10676 10734 11240 11429 11455 11526 11538 14809 14824 14869 14899 14900 14953 14962 14963 14983 15007 15008 15036 15061 15071 15095 15149 15220 15231 15243 15254 15319 15396 15411 15440 20745 
	}
	manpower = 2000000
	buildings_max_level_factor=1.000
	state_category=town
	local_supplies=0.000
}
