
state={
	id=166
	name="STATE_166"

	history={
	}

	provinces={
		40 367 432 1272 1529 2090 2104 2590 2666 2869 2889 2997 3122 3309 3331 3546 4045 4056 5111 5390 6425 6612 6674 6826 6997 7376 7420 7895 8068 8289 8298 8636 8804 9217 9374 9452 9458 9673 9676 10336 10556 10621 11119 11218 11259 11270 11611 14812 14937 15009 15022 15083 15096 15097 15104 15150 15170 15171 15172 15194 15202 15203 15210 15234 15277 15298 15310 15344 15358 15361 15362 15412 15413 15442 15478 15486 15531 15541 15559 15582 15608 15618 15639 15685 15755 20750 20753 
	}
	manpower=1000000
	buildings_max_level_factor=1.000
	state_category=town
	local_supplies=0.000
}
