
state={
	id=17
	name="STATE_17"
	provinces={
		132 248 557 618 707 1066 1069 1220 2059 2224 2229 2314 2556 2626 2693 2717 3193 3563 3567 3652 3721 3770 3777 3910 3927 3932 3952 4089 4336 4342 4367 4372 4439 4532 4566 4612 4689 4783 4973 4987 5013 5039 5122 5170 5480 5562 5580 5587 5688 5808 5830 5933 6196 6239 6309 6314 6334 6456 6542 6672 7021 7037 7114 7389 7506 7638 7747 7891 7907 7968 8101 8283 8461 8478 8591 8783 8980 9060 9387 9479 9513 9517 9550 9758 10124 10529 10600 10610 10713 10842 10863 10876 11170 11428 11851 11876 11883 11913 11915 11925 11941 11942 11951 11953 11961 11968 11969 11974 11995 12015 12024 12038 12043 12052 12074 12075 12089 12100 12101 12102 12119 12130 12150 12162 12169 12174 12196 12205 12217 12223 12244 12245 12256 12264 12265 12270 12280 12291 12297 12307 12313 12323 12324 12341 12360 12362 12375 12399 12400 12402 12405 12406 12407 12413 12427 12432 12442 12443 12449 12470 12474 12485 12490 12519 12523 12524 12530 12538 12558 12559 12572 12588 12594 12595 12613 12614 12631 12636 12641 12659 12663 12679 20730 20732 20733 
	}
	history={
	}
	manpower = 2000000
	buildings_max_level_factor=1.000
	state_category=town
	local_supplies=0.000
}
