state={
	id=170
	name="STATE_170"
	provinces={
		135 375 379 602 930 1040 1052 1123 1427 1918 1932 2691 2878 3162 3197 3199 3500 3538 3657 3719 4239 4560 4569 4752 5076 5288 5295 5327 5329 5394 5434 5776 5844 6250 6374 6427 6724 6889 7224 7271 7355 7362 7721 8040 8047 8063 8341 8429 8551 8725 8878 9173 9213 9502 9650 9662 9749 9804 9858 10029 10171 10537 10580 10592 10861 10909 11226 11250 11642 14881 14985 15055 15079 15089 15123 15133 15238 15314 15315 15373 15378 15379 15407 15451 15452 15471 15490 15499 15632 15641 15686 15721 15737 15742 15751 15757 15787 15815 15824 15825 15855 15862 15877 15884 15910 15911 15962 15985 15986 15992 16016 16017 16018 16030 16059 16126 16142 
	}
	history={
	}
	manpower = 2000000
    state_category = town
	buildings_max_level_factor=1.000
}
