
state={
	id=171
	name="STATE_171"
	provinces={
		13 35 39 58 90 540 655 919 1045 1370 1505 1587 1672 1695 1730 1900 2158 2240 3284 3313 3387 3449 3461 3908 3977 4060 4079 4194 4273 4755 5212 5463 5523 5683 5791 5840 5915 6131 6272 6363 6445 6519 6528 6694 6948 6957 7042 7228 7294 7298 7350 7427 7516 8085 8320 8606 8654 8817 8834 8841 8867 9179 9578 9742 9864 10049 10217 10503 10599 10672 10678 10960 10962 11001 11312 11580 17148 17190 17214 17258 17295 17306 17319 17333 17372 17373 17440 17441 17449 17492 17502 17519 17527 17534 17588 17610 17618 17626 17663 17683 17733 17734 17746 17747 17770 17784 17789 17790 17842 17872 17952 17970 17990 18011 18022 18052 18060 18069 18070 18076 18102 18103 18140 18150 18151 18233 18239 18240 18255 18300 18307 18308 18320 18330 18331 18332 18341 18367 18378 18389 18395 18415 18416 18426 18484 18495 18496 18532 18533 18543 18599 18640 18702 18725 
	}
	history={
	}
	manpower = 2000000
	buildings_max_level_factor=1.000
	state_category=town
	local_supplies=0.000
}
