
state={
	id=172
	name="STATE_172"
	provinces={
		869 870 1309 2642 2949 3774 3931 4460 4520 4736 5335 5381 5715 5772 6120 6143 6752 6756 6863 7744 8467 8700 8781 9322 9741 9820 9844 10298 10894 11503 11600 16805 16854 16891 16899 16923 16936 16971 16977 16982 17019 17020 17042 17065 17090 17117 17125 17150 17168 17176 17205 17217 17239 17246 17247 17253 17299 17307 17322 17384 17399 17410 17516 20790 20803 
	}
	history={
	}
	manpower=1000000
	buildings_max_level_factor=1.000
	state_category=town
	local_supplies=0.000
}
