state={
	id=175
	name="STATE_175"
	provinces={
		137 252 316 423 565 727 917 1057 1194 1470 1683 1888 2123 2173 2257 2351 2362 2444 2577 2620 2733 3024 3073 3437 3451 3617 3766 4321 4782 4831 5049 5146 5505 5573 5577 5737 5790 5932 5985 6127 6141 6310 6417 6513 6538 6567 6644 7029 7673 7711 8303 8307 8533 8671 9529 9696 9803 10214 10312 10369 10431 10451 10540 10707 10746 10830 10944 10965 11005 11111 11501 11510 11555 14893 15012 15024 15040 15124 15156 15157 15182 15196 15214 15235 15264 15286 15367 15380 15381 15435 15445 15462 15479 15500 15543 15561 15562 15603 15611 15622 15651 15687 15800 15805 15826 15846 15856 15885 15890 15927 15948 15993 16009 16019 16054 16080 16081 16089 16110 16122 16186 16244 
	}
	history={
	}
	manpower=1000000
    state_category = town
	buildings_max_level_factor=1.000
}
