
state={
	id=176
	name="STATE_176"

	history={
	}

	provinces={
		301 319 841 993 1142 1170 1186 1417 2355 2424 2441 2703 2909 3191 3904 4050 4450 4474 4564 4679 4713 5775 5825 5889 7280 7462 8079 8389 8466 8955 9446 10885 10958 11187 15002 15100 15174 15284 15285 15346 15389 15390 15443 15450 15526 15532 15533 15542 15600 15601 15619 15620 15661 15679 15734 15786 15946 15947 15960 15990 16028 16052 16053 16099 16131 16156 16157 16242 16243 16310 16351 20749 
	}
	manpower=1000000
	buildings_max_level_factor=1.000
	state_category=town
	local_supplies=0.000
}
