
state={
	id=180
	name="STATE_180"
	provinces={
		653 1189 2006 2241 2421 2497 2540 3357 3391 3510 3527 3532 3622 3680 3712 4464 4732 5028 5162 5195 5215 5276 5445 5467 5555 6075 6601 7090 7173 7591 7788 8009 8036 8055 8222 8415 8845 9064 9526 9991 10094 10316 10616 10634 10753 11617 15044 15057 15109 15128 15129 15205 15206 15216 15228 15287 15304 15316 15318 15359 15370 15399 15426 15465 15466 15491 15503 15589 15671 15681 15709 15723 15761 15770 15779 15822 15839 15893 15905 15912 15949 
	}
	history={
	}
	manpower = 2000000
	buildings_max_level_factor=1.000
	state_category=town
	local_supplies=0.000
}
