
state={
	id=181
	name="STATE_181"
	provinces={
		1084 1196 1415 1511 1858 2007 2275 2976 3093 3441 3574 3732 4882 4900 5271 5833 5890 6943 7527 7740 7825 8146 8336 8633 8737 9049 9319 9414 9591 9815 10003 10105 10185 10192 10400 10589 18133 18205 18266 18267 18289 18303 18311 18353 18363 18398 18435 18436 18437 18480 18520 18537 18576 18605 18616 18630 18675 18684 18709 18728 18743 18759 18789 18816 18822 18849 18854 20830 
	}
	history={
	}
	manpower=1000000
	buildings_max_level_factor=1.000
	state_category=town
	local_supplies=0.000
}
