
state={
	id=188
	name="STATE_188"

	history={
	}

	provinces={
		175 404 972 1308 1530 2673 2899 2908 3838 5451 5723 5793 5806 5852 6003 6645 6959 7496 7691 7692 7734 7838 8090 8151 8284 8535 8986 9021 9277 9283 9311 9366 9483 9615 9760 10155 11093 11251 11462 15237 15275 15276 15293 15317 15320 15335 15343 15434 15468 15469 15519 15554 15581 15599 15638 15650 15660 15732 15733 15766 15767 15775 15835 15984 16023 
	}
	manpower=1000000
	buildings_max_level_factor=1.000
	state_category=town
	local_supplies=0.000
}
