state={
	id=190
	name="STATE_190"
	provinces={
		537 1216 1351 1364 1714 1842 1909 2008 2446 2544 2710 3091 3275 3555 3695 4251 4271 4746 4815 5347 5364 5443 5489 5582 5686 5804 5917 6860 6900 6971 7048 7149 7375 8118 8165 8621 9301 9660 9779 9901 10344 10562 10581 11003 11472 15256 15329 15347 15424 15444 15460 15461 15521 15528 15534 15610 15621 15640 15663 15680 15714 15736 15749 15750 15756 15814 15821 15888 15889 15922 15942 15951 15952 15961 15972 15980 16008 16024 16041 16078 16108 16109 
	}
	history={
	}
	manpower=1000000
    state_category = town
	buildings_max_level_factor=1.000
}
