
state={
	id=194
	name="STATE_194"
	provinces={
		875 1035 1199 1812 2000 2011 2329 2675 3070 3085 3224 3714 3957 3964 3980 4156 4252 4300 4426 4686 4687 5237 5281 5694 7413 7564 7906 8812 8934 8963 9105 10244 10391 10557 11165 11183 11418 15647 15682 15710 15752 15807 15808 15817 15818 15857 15863 15894 15913 15955 15977 15978 16004 16005 16011 16037 16043 16062 16103 16112 16140 16159 16165 16175 16178 16193 16202 16226 16247 
	}
	history={
	}
	manpower=1000000
	buildings_max_level_factor=1.000
	state_category=town
	local_supplies=0.000
}
