
state={
	id=199
	name="STATE_199"
	provinces={
		940 1039 1112 1229 1498 1690 2081 2264 2461 3211 3352 3702 3779 4200 4498 4565 5074 5097 5395 5484 5902 7069 7141 7287 7300 7325 7439 7696 8034 8147 8449 8468 9098 9177 9399 9437 9538 10113 10493 10679 10695 11176 11208 11565 17376 17385 17405 17433 17452 17471 17477 17483 17494 17495 17557 17563 17595 17596 17638 17659 17669 17698 17705 17762 17799 17805 17815 17835 17845 17863 17876 17905 17956 17973 18122 20807 
	}
	history={
	}
	manpower = 2000000
	buildings_max_level_factor=1.000
	state_category=town
	local_supplies=0.000
}
