state={
	id=204
	name="STATE_204"
	provinces={
		352 372 553 632 1020 1095 1421 1685 1707 1821 1903 2038 2320 2469 2530 2676 3015 3700 3975 4015 4236 4504 4551 4862 5046 5251 5396 5522 5532 6099 6315 6762 6823 6866 7188 7498 7582 7697 7698 8126 8398 8464 8689 8853 8966 9057 9194 10248 10560 10578 10911 10947 11051 11242 11352 11605 15648 15656 15657 15684 15740 15753 15764 15803 15823 15831 15832 15851 15874 15898 15908 15915 15932 15965 15966 15996 16006 16034 16094 16195 16235 16280 
	}
	history={
		owner = CAT
		add_core_of = CAT
	}
	manpower=1000000
    state_category = town
	buildings_max_level_factor=1.000
}
