
state={
	id=207
	name="STATE_207"

	history={
	}

	provinces={
		51 564 937 1286 1406 1477 1830 2728 3163 3179 3304 3764 3771 4018 4081 4790 4820 4877 5417 5731 5794 5993 6038 6053 6179 6187 6329 6516 6536 6546 6575 6718 6787 6998 7144 7307 7360 7442 7515 7549 7609 8346 8394 8616 8856 9094 9278 9606 10038 10133 10197 10218 10276 10284 10517 10927 10938 15668 15748 15768 15812 15845 15876 15902 15933 15934 15935 15945 15969 15988 15999 16045 16056 16066 16076 16077 16098 16130 16163 16220 16265 16288 16297 16303 16309 16325 16332 16349 16379 16406 16407 16408 16449 16460 16468 16475 16512 16623 16704 20762 20763 
	}
	manpower = 2000000
	buildings_max_level_factor=1.000
	state_category=town
	local_supplies=0.000
}
