
state={
	id=208
	name="STATE_208"
	provinces={
		452 822 1310 1394 1596 2093 2561 2630 2720 2982 4057 4588 5024 5591 5824 5920 6047 6548 6602 6660 6974 7050 7466 7645 7668 7835 7853 8583 8661 8862 9027 9370 10641 11168 11354 11482 11577 15943 15994 16003 16032 16060 16091 16198 16199 16208 16246 16268 16277 16290 16313 16326 16327 16352 16353 16354 16372 16373 16397 16425 16437 16464 16481 16495 16496 16519 16529 16537 16538 16563 16587 16593 16644 16673 16674 16725 16726 16768 16780 16793 20767 
	}
	history={
	}
	manpower = 2000000
	buildings_max_level_factor=1.000
	state_category=town
	local_supplies=0.000
}
