
state={
	id=209
	name="STATE_209"

	history={
	}

	provinces={
		72 161 299 836 983 1030 1135 1247 1620 1889 2272 2343 2437 2509 2714 2875 3026 3094 3615 3690 4033 4180 4297 4397 4814 5692 5750 6087 6094 6182 6243 6375 6411 6451 6635 6811 6838 7134 7155 7175 7189 7330 7666 8075 8103 8142 8293 8477 8568 8617 8640 8704 9161 9222 9623 9693 10115 10268 10324 10405 10444 10632 10974 11016 11160 11180 11304 11593 16075 16136 16177 16181 16190 16196 16206 16241 16250 16251 16296 16318 16361 16377 16378 16392 16393 16400 16401 16421 16422 16445 16459 16467 16485 16523 16524 16546 16554 16573 16585 16598 16613 16614 16615 16639 16640 16658 16668 16669 16720 16730 16747 16748 16749 16750 16751 16819 16826 16827 16888 16897 16960 20771 
	}
	manpower=1000000
	buildings_max_level_factor=1.000
	state_category=town
	local_supplies=0.000
}
