
state={
	id=210
	name="STATE_210"

	history={
	}

	provinces={
		612 879 942 999 1114 1200 1432 2157 2177 2447 2552 2836 2918 3031 3056 3101 3261 3450 3894 3954 3955 4072 4711 4762 4800 4838 5803 5927 6403 6492 7080 7151 7162 7508 7511 7597 7651 8128 8200 8213 8279 8390 8488 8712 8849 8936 8962 9032 9083 9233 9300 9445 9512 9714 9716 9831 10008 10070 10085 10123 10307 10465 10471 10613 10635 10704 10902 10925 11056 11220 11330 11417 11475 11618 13780 13791 13804 13825 13839 13863 13952 14003 14024 14038 14066 14100 14197 14198 14231 14235 14236 14265 14287 14295 14306 14316 14323 14333 14339 14354 14370 14389 14454 14469 14491 14514 14543 14562 14570 14633 14707 20280 
	}
	manpower = 2000000
	buildings_max_level_factor=1.000
	state_category=town
	local_supplies=0.000
}
