
state={
	id=212
	name="STATE_212"
	provinces={
		100 371 572 651 750 764 876 877 900 1046 1117 1159 1288 1304 1425 1447 1586 2015 2219 2236 2321 2496 2515 2572 2616 2623 2730 2747 2835 2858 3027 3058 3151 3221 3319 3343 3406 3435 3577 3613 3707 3800 3926 4196 4365 4430 4779 4780 4881 5211 5418 5420 5466 5588 5858 5956 5957 6014 6259 6436 6658 6737 6793 7245 7293 7371 7385 7421 7640 8021 8077 8227 8350 8501 8685 8731 8832 8839 9014 9137 9196 9408 9447 9459 9500 9743 9840 10204 10371 10438 10452 10458 10538 10682 10847 10979 10990 11334 15843 15860 15968 16026 16035 16050 16055 16065 16069 16074 16095 16096 16107 16117 16118 16125 16129 16145 16146 16154 16155 16161 16162 16172 16210 16211 16217 16218 16219 16253 16259 16263 16264 16275 16287 16317 16322 16323 16324 16337 16347 16348 16367 16368 16376 16391 16399 16405 16414 16434 16474 16479 16484 16504 16516 16534 16545 16553 16583 16597 16612 16632 16666 16678 16684 16694 16710 16719 16746 16790 16860 16903 16909 16919 16987 17012 17037 17104 17120 17132 17175 17196 20764 20765 20766 20772 20775 20786 
	}
	history={
	}
	manpower = 2000000
	buildings_max_level_factor=1.000
	state_category=town
	local_supplies=0.000
}
