state={
	id=217
	name="STATE_217"
	provinces={
		37 481 681 723 1026 1060 1161 1177 1210 1422 1457 1594 1656 1660 1794 2005 2101 2193 2388 2401 2585 2595 2775 3390 3422 3454 3548 3551 3564 3596 3610 3824 3945 4361 4554 4717 4774 4870 5000 5038 5093 5400 5815 5887 5909 5949 5950 6276 6428 6455 6540 6621 6676 6830 6961 7153 7178 7342 7387 8220 8221 8424 8496 8604 8645 8659 8660 8703 8753 8890 8899 9210 9298 9461 9506 9602 9654 9669 9788 9806 9852 9925 10127 10146 10291 10310 10327 10342 10382 10636 10758 11310 11384 11422 11468 11490 16036 16058 16073 16079 16086 16132 16149 16158 16164 16173 16174 16185 16197 16207 16212 16213 16224 16229 16230 16260 16266 16276 16284 16285 16289 16334 16362 16370 16381 16416 16417 16418 16424 16435 16462 16476 16480 16494 16506 16507 16547 16548 16560 16564 16565 16586 16618 16628 16629 16642 16649 16706 16707 16722 16778 16792 16810 16868 16890 16941 16953 16974 17049 17055 17106 17107 17133 
	}
	history={
	}
	manpower = 2000000
    state_category = town
	buildings_max_level_factor=1.000
}
