state={
	id=226
	name="STATE_226"
	provinces={
		1 226 275 317 356 678 752 1009 1011 1130 1403 1607 1720 1912 2188 2523 2725 2822 2876 3042 3515 3589 3928 4067 4226 4318 4326 4371 4518 4698 4787 4796 4894 5296 5378 5412 5705 6101 6322 6327 7000 7023 7288 7379 7460 7806 8018 8311 8517 8531 8709 8772 8957 9270 9465 9614 10002 10408 10469 10643 11037 16283 16333 16350 16380 16386 16423 16461 16486 16493 16525 16527 16528 16558 16574 16579 16591 16592 16624 16627 16634 16670 16696 16705 16712 16713 16740 16766 16776 16777 16784 16791 16801 16802 16837 16846 16850 16889 16911 16949 16950 16962 17001 17002 17014 17038 17096 17115 17215 17271 
	}
	history={
	}
	manpower=1000000
    state_category = town
	buildings_max_level_factor=1.000
}
