state={
	id=234
	name="STATE_234"
	provinces={
		303 346 446 785 813 1053 1125 1249 1295 1524 1555 1583 1823 1859 1864 1968 2712 2824 3096 3374 3397 3426 3503 3607 3937 4149 4437 4791 4857 5282 5303 5503 5850 5940 5961 6176 6299 6972 7453 7552 7641 7656 7774 7804 8244 8480 8499 8739 8771 9267 9357 9382 9597 9675 9698 9777 10011 10095 10181 10277 10296 10348 10483 10617 10637 10685 10764 10982 11346 16511 16517 16535 16616 16617 16647 16659 16685 16695 16703 16721 16731 16756 16765 16773 16774 16775 16800 16809 16835 16836 16845 16849 16910 16920 16921 16934 16961 16966 17000 17018 17047 17054 17062 17063 17064 17086 17087 17088 17095 17105 17121 17147 17189 17204 17257 17318 17321 17338 17389 17409 17458 17482 17501 17682 
	}
	history={
	}
	manpower = 2000000
    state_category = town
	buildings_max_level_factor=1.000
}
