
state={
	id=253
	name="STATE_253"
	provinces={
		510 1203 1207 1238 1349 1400 1703 1905 2033 2047 2048 2348 2661 2758 2877 2945 3311 3400 3446 4260 5057 5124 5216 5246 5267 5682 5751 6237 6449 6832 7111 7122 7908 8345 8420 8599 8741 8920 9288 9327 9612 9971 10023 10389 10719 11041 11285 11639 17224 17378 17386 17421 17462 17484 17505 17539 17567 17597 17630 17648 17712 17719 17763 17764 17772 17773 17801 17806 17830 17836 17837 17846 17918 17974 18001 18048 18064 
	}
	history={
	}
	manpower = 2000000
	buildings_max_level_factor=1.000
	state_category=town
	local_supplies=0.000
}
