
state={
	id=257
	name="STATE_257"
	provinces={
		177 1633 2121 2252 2292 2513 2596 2650 2830 3337 3420 3643 3672 3998 4127 4329 4627 5019 5257 5502 5687 6220 6733 7083 7316 7663 7802 8226 8365 8563 8656 8777 9491 9564 9829 10051 10398 10630 10714 11638 17183 17216 17259 17287 17334 17375 17404 17451 17469 17470 17493 17504 17515 17528 17537 17555 17556 17576 17582 17594 17605 17628 17629 17654 17668 17729 17743 17761 17829 17916 17935 17978 18079 18168 20804 20806 
	}
	history={
	}
	manpower=1000000
	buildings_max_level_factor=1.000
	state_category=town
	local_supplies=0.000
}
