
state={
	id=262
	name="STATE_262"

	history={
	}

	provinces={
		74 455 458 609 994 1051 1226 1228 1492 1608 1728 1826 2029 2075 2505 2527 2624 2696 2708 2723 2964 3212 3412 3423 3562 3580 3716 3866 3903 3938 3971 4073 4095 4131 4332 4392 4630 4662 4760 4778 4868 4963 5059 5300 5798 6112 6114 6138 6192 6254 6402 6412 6416 6545 6667 6711 6769 7077 7331 7461 7531 7542 7780 7807 7813 7836 8333 8545 8601 8933 8995 9048 9077 9118 9157 9302 9417 9469 9555 9734 9880 9891 9894 9932 9969 10136 10236 10834 10884 10959 11031 11264 11315 11333 11585 16922 16975 16976 16988 17040 17056 17057 17108 17109 17122 17157 17182 17230 17285 17296 17297 17314 17315 17344 17365 17366 17390 17397 17442 17450 17459 17468 17503 17512 17513 17520 17535 17544 17573 17574 17580 17581 17589 17603 17604 17611 17637 17647 17666 17673 17685 17686 17717 17725 17739 17740 17748 17749 17759 17771 17779 17814 17823 17833 17834 17853 17860 17873 17889 17902 17913 17948 17963 18013 18036 18104 18111 18196 18201 18211 18242 20286 20725 
	}
	manpower = 2000000
	buildings_max_level_factor=1.000
	state_category=town
	local_supplies=0.000
}
