
state={
	id=284
	name="STATE_284"
	provinces={
		310 436 1411 1810 1919 1987 2537 3336 3341 3456 4053 4123 4223 4296 4570 4938 5161 5241 5315 5556 6146 6194 6328 6656 6779 7056 7431 7773 8124 8272 8748 8989 9540 9694 10144 10219 10481 10645 11158 11613 17074 17156 17181 17213 17228 17229 17256 17304 17305 17312 17313 17331 17332 17369 17370 17439 17448 17456 17457 17491 17500 17526 17533 17554 17651 17681 17703 17723 17778 17869 17923 20805 
	}
	history={
	}
	manpower=1000000
	buildings_max_level_factor=1.000
	state_category=town
	local_supplies=0.000
}
