
state={
	id=288
	name="STATE_288"
	provinces={
		22 157 255 365 801 927 929 1056 1083 1121 1163 1227 1331 1348 1438 1469 1682 1753 1916 1985 2024 2071 2282 2303 2337 2363 2412 2707 2910 2933 3129 3229 3255 3421 3559 3724 3784 3958 4020 4238 4402 4405 4481 4614 4788 4998 5018 5184 5217 5227 5375 5391 5393 5447 5482 5595 5754 5765 5904 5990 6030 6064 6070 6370 6641 6702 6734 6855 6865 6921 7345 7464 7519 7705 7785 7881 7972 7980 7999 8060 8107 8160 8419 8493 8521 8594 8701 8977 9232 9689 9772 9784 9910 10064 10093 10231 10320 10362 10384 10448 10482 10554 10694 10760 10922 10929 10987 11205 11340 17724 17796 17812 17822 17870 17871 17882 17887 17910 17911 17924 17961 17968 17969 17989 18000 18009 18010 18021 18042 18043 18051 18059 18101 18110 18128 18149 18166 18179 18194 18210 18238 18254 18263 18288 18306 18340 18349 18350 18355 18366 18377 18394 18414 18425 18434 18442 18457 18478 18479 18493 18494 18523 18542 18545 18572 18622 18632 18645 18671 18705 18706 18711 18723 18724 18738 18739 18772 18792 18798 18802 18806 18835 18853 18877 18905 18913 18924 18932 18959 20726 20809 20815 20817 
	}
	history={
	}
	manpower=1000000
	buildings_max_level_factor=1.000
	state_category=town
	local_supplies=0.000
}
