
state={
	id=300
	name="STATE_300"
	provinces={
		52 209 397 409 637 706 814 886 957 1374 1513 1868 2265 2406 2739 3072 3146 3398 4114 4279 4302 4617 4950 5138 5724 5783 5974 6027 6033 6051 6223 6432 6474 6877 6885 7341 7742 7791 7852 7975 8397 8541 9058 9566 9719 9966 10024 10213 10434 10500 10970 11027 11161 11619 17294 17354 17364 17396 17415 17419 17420 17430 17455 17466 17553 17561 17572 17624 17625 17636 17680 17732 17756 17782 17783 17795 17868 17881 17932 18008 18055 18100 18137 18147 18164 18209 18220 18262 20813 
	}
	history={
	}
	manpower=1000000
	buildings_max_level_factor=1.000
	state_category=town
	local_supplies=0.000
}
