state={
	id=309
	name="STATE_309"
	provinces={
		835 1003 1148 1551 1572 1866 2068 2163 2174 2186 2206 2378 2454 2644 2719 3517 4000 4209 4443 4509 4888 4907 5200 5669 5994 6186 6201 6290 6321 6340 6443 6596 6623 6743 6864 7237 7311 7856 7885 8049 8412 9012 9260 9276 9427 9769 9871 10016 10089 10239 10263 10683 10765 10920 11075 11271 11456 17612 17652 17656 17657 17674 17687 17694 17726 17727 17741 17750 17792 17797 17824 17874 17883 17891 17943 17949 17971 18025 18037 18062 18063 18106 18112 18143 18153 18182 18202 18203 18245 18274 18342 18343 18351 18391 18418 18428 18469 18502 18535 18641 18648 18673 18695 18741 18755 18775 18872 18886 18935 
	}
	history={
	}
	manpower = 2000000
    state_category = town
	buildings_max_level_factor=1.000
}
