
state={
	id=310
	name="STATE_310"
	provinces={
		329 682 1366 2060 3148 3232 3349 3547 3749 4182 4347 4457 5210 5468 5608 5699 6160 6342 6422 6587 6659 7290 7358 7468 7528 7846 7879 7945 8306 8315 8400 8887 9350 9817 10043 10215 10265 11184 11287 17538 17979 18120 18131 18132 18204 18223 18275 18325 18352 18362 18397 18419 18487 18488 18518 18519 18547 18562 18585 18614 18670 18674 18682 18696 18708 18735 18746 18758 18788 20819 
	}
	history={
	}
	manpower = 2000000
	buildings_max_level_factor=1.000
	state_category=town
	local_supplies=0.000
}
