
state={
	id=321
	name="STATE_321"

	history={

	}

	provinces={
		410 1129 1131 1211 1616 1747 2359 2455 2480 2573 2794 2811 2919 3155 4383 4579 4696 6007 6615 7251 7403 8820 9063 9138 9246 9478 9644 9692 9776 9879 9946 10428 10917 10942 11059 11073 17744 17807 17816 17817 17847 17865 17886 17896 17938 17939 18015 18031 18080 18081 18095 18171 18188 18189 18226 18248 18249 18277 18295 18338 18356 18410 18462 18489 18511 18512 
	}
	manpower=2000000
	buildings_max_level_factor=1.000
	state_category=town
	local_supplies=0.000
}
