
state={
	id=322
	name="STATE_322"
	provinces={
		5 23 50 103 215 216 305 660 873 988 1021 1292 1332 1453 1455 1471 1650 1731 1828 1841 1897 1910 2036 2064 2073 2309 2418 2660 2665 2685 3075 3240 3270 3507 3897 3941 4004 4134 4136 4154 4161 4283 4408 4427 4448 4737 4911 4981 5063 5309 5511 5597 5640 6002 6009 6174 6349 6365 6501 6852 7126 7217 7265 7474 7798 7863 8025 8157 8392 8523 8625 8987 8994 9211 9498 9527 9778 9793 10033 10083 10200 10228 10230 10383 10425 10432 10575 10633 10642 10692 10742 10767 10924 10932 10966 11365 11488 11514 11568 11570 17821 17858 17859 17960 17967 17999 18041 18056 18057 18058 18127 18138 18139 18148 18165 18193 18232 18252 18253 18272 18283 18299 18318 18319 18348 18365 18375 18376 18388 18393 18401 18402 18424 18433 18440 18441 18449 18467 18477 18483 18500 18508 18515 18531 18541 18549 18550 18559 18571 18589 18629 18631 18658 18659 18660 18688 18693 18701 18704 18716 18752 18765 18786 18805 18812 18813 18844 18864 18885 18892 18904 18923 18951 18976 18982 19008 19015 19033 19056 19072 19097 19105 20818 20824 
	}
	history={
	}
	manpower=1000000
	buildings_max_level_factor=1.000
	state_category=town
	local_supplies=0.000
}
