
state={
	id=35
	name="STATE_35"
	provinces={
		1061 1195 1291 1318 1328 1445 1450 1917 2490 2698 3194 3372 3490 3521 3530 3731 3748 3755 3759 3762 3834 3909 4125 4276 4407 4417 4515 4562 4629 4692 4718 4976 5118 5144 5816 6288 6289 6564 6781 6899 7125 7424 7456 7643 7764 7964 8088 8155 8185 8373 8715 9178 9271 9308 9919 10611 10615 10933 10976 11361 11504 11553 12259 12277 12302 12311 12329 12335 12351 12354 12368 12374 12382 12396 12398 12412 12418 12419 12426 12430 12431 12441 12448 12456 12457 12462 12481 12483 12484 12493 12494 12500 12501 12509 12512 12522 12529 12534 12544 12552 12569 12576 12600 12601 12605 12606 12620 12621 12630 12635 12640 12652 12687 12688 12708 12722 12731 12739 12749 12750 12771 12790 12791 12809 12826 12842 12862 12874 
	}
	history={
	}
	manpower=1000000
	buildings_max_level_factor=1.000
	state_category=town
	local_supplies=0.000
}
