
state={
	id=351
	name="STATE_351"
	provinces={
		270 639 1414 1472 1537 2069 2232 2427 2862 4494 4721 4745 5079 5117 5569 5615 5623 5627 5853 5977 6531 6698 7504 7897 7956 8206 8380 8628 8733 8763 8898 9096 9149 9405 9490 10122 10143 10727 11132 11181 11640 19373 19413 19437 19472 19474 19489 19497 19506 19513 19530 19531 19549 19550 19575 19597 19610 19611 19624 19628 19634 19655 19659 19665 19697 19703 19729 19744 19745 19753 19756 19783 19793 19820 20838 
	}
	history={
	}
	manpower=1000000
	buildings_max_level_factor=1.000
	state_category=town
	local_supplies=0.000
}
