
state={
	id=355
	name="STATE_355"
	provinces={
		12 198 207 916 973 1279 2009 2517 2995 3429 3472 3692 3739 4590 4678 5426 6021 6032 6574 6716 6744 6926 7118 7324 7401 7485 7587 7654 8108 8182 8240 8623 8850 9141 9507 9787 9986 10025 10461 10569 10811 19678 19723 19778 19800 19819 19850 19907 19912 19962 19971 20000 20029 20030 20048 20049 20054 20069 20093 20094 20105 20126 20137 20147 20170 20176 20185 20193 20207 20213 20221 
	}
	history={
	}
	manpower=1000000
	buildings_max_level_factor=1.000
	state_category=town
	local_supplies=0.000
}
