state={
	id=362
	name="STATE_362"
	provinces={
		70 162 173 328 433 956 978 1028 1106 1124 1276 1344 1491 1536 1626 1777 1899 1971 2111 2307 2311 2339 2390 2503 2854 2868 2913 3057 3169 3253 3277 3354 3479 3502 3636 3664 3697 3734 3813 3944 4001 4029 4139 4162 4215 4249 4325 4455 4843 4919 5137 5203 5401 5612 6155 6319 6335 6351 6378 6388 6550 6764 6778 6932 6966 7084 7193 7277 7318 7384 7475 7544 7778 8054 8086 8095 8197 8212 8262 8309 8371 8374 8377 8875 8919 8998 9007 9090 9351 9486 9515 9585 9605 9632 9665 9993 10101 10158 10393 10413 10505 10624 10649 10805 10998 11353 11356 11382 11389 11591 18707 18727 18734 18742 18751 18756 18767 18768 18782 18800 18815 18821 18826 18834 18837 18848 18859 18865 18866 18873 18874 18887 18888 18894 18897 18898 18899 18914 18925 18926 18936 18937 18938 18953 18954 18961 18970 18974 18984 18993 18994 18998 18999 19000 19001 19018 19028 19029 19030 19052 19058 19059 19063 19064 19065 19081 19087 19101 19106 19107 19113 19126 19130 19136 19145 19146 19152 19160 19161 19162 19167 19170 19171 19180 19181 19182 19183 19188 19192 19193 19200 19209 19212 19219 19220 19236 19237 19238 19250 19264 19275 19285 19286 19319 19327 19348 19378 19393 
	}
	history={
	}
	manpower=1000000
    state_category = town
	buildings_max_level_factor=1.000
}
