state={
	id=367
	name="STATE_367"
	provinces={
		238 412 1043 1128 1372 1405 1818 2646 2839 3115 3145 3153 3340 3345 3802 3965 4133 4175 4530 4677 4702 4735 4770 4866 4985 5133 5160 5311 5427 5544 6086 6206 6512 6886 7030 7361 7367 7588 7855 8199 8778 8961 9565 9808 10824 11162 11186 11272 11476 18780 18841 18842 18876 18930 18957 18989 19023 19054 19077 19103 19104 19165 19166 19190 19215 19261 19268 19278 19306 19318 19324 19325 19338 19352 19366 19385 
	}
	history={
	}
	manpower=1000000
    state_category = town
	buildings_max_level_factor=1.000
}
