state={
	id=376
	name="STATE_376"
	provinces={
		286 570 593 644 758 810 1234 1449 1579 2164 2284 2295 2347 2380 2466 2898 3359 3492 3751 3912 3934 4282 4438 4467 4599 4652 4904 4910 5344 5551 5726 5759 5812 6238 6522 6556 6909 7020 7779 7898 7915 8062 8335 8676 8702 9343 9707 9728 9854 9924 9978 10091 10096 10104 10125 10593 10745 18852 18908 18922 18975 18988 19006 19050 19062 19117 19134 19158 19205 19206 19207 19245 19289 19322 19323 19343 19358 19420 19483 19491 19514 19541 19555 19563 19564 19583 19589 19598 19599 19604 19647 19653 19661 19698 19713 19747 19760 19768 19809 19857 19858 
	}
	history={
	}
	manpower = 2000000
    state_category = town
	buildings_max_level_factor=1.000
}
