state={
	id=390
	name="STATE_390"
	provinces={
		165 376 434 770 966 1044 1118 1307 1543 1621 1628 1662 1741 1835 2485 2601 2780 2849 2987 3365 3424 3654 3678 3982 4214 4247 4586 4625 4872 4891 5070 5382 5630 5673 5882 6158 6181 6247 6338 6683 6703 6901 7455 7905 7927 8035 8056 8250 9036 9136 9967 10590 11202 11464 19061 19075 19076 19132 19139 19157 19184 19204 19210 19213 19214 19252 19260 19267 19277 19301 19311 19321 19342 19351 19365 19380 19399 19438 19439 19459 19464 19467 19490 19540 19572 19576 19603 19625 19638 19646 19666 19707 19731 19737 19746 19774 19784 19812 19830 19831 19874 19923 
	}
	history={
	}
	manpower = 2000000
    state_category = town
	buildings_max_level_factor=1.000
}
