
state={
	id=4
	name="STATE_4"
	provinces={
		11 170 205 217 386 532 588 659 686 775 882 892 921 928 971 980 1074 1099 1149 1162 1192 1215 1254 1434 1465 1539 1547 1557 1659 1766 1774 1779 1783 1792 1819 1914 1929 1966 2014 2019 2128 2178 2218 2258 2279 2373 2479 2494 2532 2554 2555 2700 2906 2994 3009 3144 3171 3176 3215 3263 3301 3320 3338 3362 3431 3432 3433 3436 3488 3686 3887 3918 4021 4074 4143 4265 4333 4341 4373 4471 4490 4576 4587 4589 4744 4896 4903 4941 4990 5030 5051 5142 5163 5191 5419 5488 5631 5655 5659 5718 5739 5856 5972 6022 6091 6095 6117 6125 6150 6198 6407 6435 6535 6551 6552 6553 6565 6662 6725 6755 6828 6896 6985 7064 7088 7135 7429 7482 7493 7576 7660 7670 7672 7686 7753 7783 7874 7903 7928 7973 7978 7996 8005 8033 8149 8167 8218 8235 8247 8261 8326 8342 8519 8542 8548 8565 8662 8742 8750 8846 8848 8858 9026 9043 9107 9159 9203 9249 9258 9262 9268 9339 9354 9390 9492 9575 9580 9587 9590 9611 9664 9705 9786 9799 9868 9918 10142 10149 10173 10238 10278 10318 10486 10686 10762 10768 10855 10856 10897 10999 11021 11070 11129 11299 11321 11383 11407 11463 11521 11566 11610 11670 11678 11679 11687 11688 11693 11696 11698 11699 11700 11701 11709 11710 11711 11713 11714 11715 11716 11717 11718 11719 11720 11721 11722 11723 11724 11725 11726 11727 11728 11729 11730 11731 11732 11733 11734 11735 11736 11737 11738 11739 11740 11741 11742 11745 11746 11747 11748 11749 11750 11751 11752 11753 11755 11756 11758 11759 11760 11761 11765 11768 11769 11773 11774 11775 11776 11777 11778 11786 11789 11795 11796 11797 11799 11800 11805 11807 11817 11826 11831 11836 11837 11838 11839 11852 11853 11854 11859 11860 11864 11867 11868 11869 11871 11872 11877 11884 11885 11888 11890 11902 11903 11906 11916 11919 11926 11937 11943 11944 11952 11954 11962 11970 11975 11982 11983 11986 12002 12007 12012 12013 12016 12017 12018 12031 12047 12054 12055 12059 12063 12064 12068 12069 12076 12092 12093 12103 12108 12109 12113 12114 12122 12123 12124 12139 12145 12152 12170 12181 12182 12183 12184 12197 12206 12224 12234 12252 12292 12320 12370 12376 12386 12387 12401 
	}
	manpower = 2000000
	buildings_max_level_factor=1.000
	state_category=town
	local_supplies=0.000
}
