
state={
	id=401
	name="STATE_401"

	history={

	}

	provinces={
		9 665 735 1808 2266 2345 3098 3108 3112 3210 3259 3711 3876 3987 4404 4500 4926 5062 5343 5369 5575 6165 6606 7142 7490 7800 7847 8102 10150 10411 10539 11541 11587 19195 19226 19293 19296 19308 19320 19335 19349 19357 19390 19396 19397 19405 19406 19409 19410 19434 19448 19453 19454 19455 19465 19469 19486 19516 19544 19568 19580 19615 
	}
	manpower=2000000
	buildings_max_level_factor=1.000
	state_category=town
	local_supplies=0.000
}
