state={
	id=406
	name="STATE_406"
	provinces={
		53 95 99 203 208 472 487 494 607 759 790 799 924 1089 1133 1150 1167 1204 1248 1293 1571 1580 1744 1937 1951 2025 2076 2519 2534 2598 2669 2686 2705 2724 2746 2760 2786 2942 2954 3078 3116 3117 3254 3416 3682 3741 3797 3859 4093 4264 4268 4351 4483 4557 4567 4583 4608 4784 4844 4974 4979 5031 5033 5086 5157 5250 5290 5413 5464 5506 5527 5542 5645 5676 5839 5849 5863 5951 6026 6045 6066 6142 6147 6225 6244 6385 6482 6557 6836 6915 7019 7063 7104 7218 7258 7398 7425 7642 7650 7727 7767 7810 7828 7868 7892 7920 8138 8169 8231 8291 8296 8344 8356 8512 8526 8558 8562 8595 8688 8695 8766 8775 8799 8806 8877 8880 8882 8895 8928 9082 9132 9184 9247 9544 9609 9618 9869 9873 10100 10162 10250 10279 10328 10352 10373 10379 10447 10781 10992 11000 11103 11155 11175 11247 11311 11487 19254 19265 19276 19314 19315 19330 19355 19356 19369 19382 19389 19394 19395 19403 19404 19417 19418 19421 19428 19432 19433 19442 19443 19457 19458 19476 19477 19478 19479 19494 19495 19507 19508 19509 19524 19538 19558 19559 19567 19579 19596 19601 19608 19609 19614 19630 19640 19641 19654 19660 19669 19680 19694 19704 19709 19710 19718 19719 19725 19733 19734 19754 19757 19763 19764 19770 19779 19796 19813 19821 19840 19841 19842 19843 19847 19864 19876 19886 19894 19895 19896 19901 19909 19910 19917 19935 19936 19942 19949 19950 19958 19959 19966 19974 19987 19993 20003 20010 20011 20012 20013 20027 20028 20066 20072 20073 20088 20089 20115 20116 20117 20119 20120 20121 20128 20143 20151 20154 20155 20172 20173 20178 20179 20190 20191 20194 20199 20209 20210 20215 20216 20239 20246 20252 
	}
	history={
	}
	manpower=1000000
    state_category = town
	buildings_max_level_factor=1.000
}
