state={
	id=423
	name="STATE_423"
	provinces={
		454 662 1127 1188 1265 1340 1402 1849 1877 1878 2135 3012 3225 3464 3841 4146 4229 4308 4374 4572 4684 4923 5008 7039 7128 7179 7426 7602 7603 7950 8015 8460 8494 8944 9481 9827 10179 10736 10833 11131 11230 19715 19761 19802 19807 19832 19833 19853 19859 19860 19861 19862 19875 19880 19885 19900 19902 19903 19925 19933 19934 19947 19957 19973 19981 20009 20022 20033 20057 20058 20081 20086 20087 20092 20096 20141 20149 
	}
	history={
	}
	manpower=1000000
    state_category = town
	buildings_max_level_factor=1.000
}
