
state={
	id=424
	name="STATE_424"
	provinces={
		210 556 647 1151 1182 1430 1642 1855 1928 2841 3041 3392 4712 5134 5483 5491 6116 6653 6934 6999 7488 7658 8232 8442 8720 8800 8810 9003 9299 9496 9647 9909 9960 10388 10665 11615 19667 19724 19732 19785 19815 19868 19891 19915 19954 19965 19968 19980 19991 19992 20008 20016 20021 20050 20056 20070 20071 20084 20110 20111 20127 20148 20171 20182 20225 20226 
	}
	history={
	}
	manpower=1000000
	buildings_max_level_factor=1.000
	state_category=town
	local_supplies=0.000
}
