state={
	id=46
	name="STATE_46"
	provinces={
		381 398 574 880 890 984 1562 1789 2013 2138 2619 2654 2926 4173 4685 5041 5373 5822 6355 6613 6664 6799 6891 7148 7479 7877 7882 7987 8006 8098 8130 8176 8368 8979 9290 9312 9403 9571 9911 10010 10081 10247 10365 10614 10705 10739 11112 11364 12471 12488 12510 12513 12553 12561 12589 12597 12609 12623 12643 12689 12690 12706 12712 12717 12732 12752 12760 12773 12802 12803 12844 12845 12871 12890 12901 12908 12927 12950 12959 12963 12977 12990 12997 12998 13027 
	}
	history={
	}
	manpower = 2000000
    state_category = town
	buildings_max_level_factor=1.000
}
