
state={
	id=467
	name="STATE_467"
	provinces={
		212 220 1412 1490 1510 1514 1765 1827 1990 2057 2338 2478 2881 3120 3136 3139 3293 3428 3846 3895 4003 4068 4381 4396 4623 4867 4953 5027 5517 5652 6240 6487 6655 6661 6831 6851 6869 7059 7326 7809 7884 7921 7966 8353 8358 8375 8413 8453 8544 8600 8924 9005 9084 9286 9525 9594 9601 9712 10169 10473 10961 11325 11329 11344 11467 11643 11821 11849 11857 11863 11882 11898 11905 11911 11912 11924 11936 11957 11972 11978 11993 11994 11999 12010 12014 12045 12058 12066 12073 12080 12085 12090 12097 12098 12099 12111 12117 12128 12129 12137 12138 12149 12168 12173 12179 12187 12191 12201 12202 12203 12232 12238 12243 12250 12276 12287 12306 12310 12317 20728 
	}
	history={
	}
	manpower = 2000000
	buildings_max_level_factor=1.000
	state_category=town
	local_supplies=0.000
}
