
state={
	id=468
	name="STATE_468"
	provinces={
		325 443 445 626 915 967 1050 1478 2092 2253 2944 3060 3425 3477 3513 3647 3976 4111 4235 4441 4524 4548 4665 4807 5092 5178 5465 5671 5764 5918 5952 5995 6280 6317 6401 6597 6763 7163 7567 7743 7827 8074 8242 8318 8507 8530 8760 8835 8916 8921 9006 9056 9183 9190 9192 9314 9318 9404 9416 9821 9926 9940 9944 10229 10321 10831 10904 11159 11491 11931 11935 11955 11956 11964 11965 11966 11977 11991 11992 11997 12001 12004 12009 12022 12034 12035 12036 12037 12050 12057 12060 12072 12079 12083 12107 12116 12133 12136 12144 12156 12167 12209 12210 12220 12221 12227 12231 12258 12263 12269 12279 12295 12296 12301 12318 12340 12346 12347 12359 12361 12367 12378 12381 12395 12397 12409 12410 12425 
	}
	history={
		owner = ZUS
		add_core_of = ZUS
	}
	manpower = 2000000
    state_category = town
	buildings_max_level_factor=1.000
	local_supplies=0.000
}
