
state={
	id=469
	name="STATE_469"
	provinces={
		493 621 640 715 1439 1553 1681 1732 2055 2247 2999 3593 4006 4138 4423 4601 4906 5002 5471 5801 5845 5875 5966 6643 6815 6968 7070 7592 7712 8469 9813 9846 10005 10079 10462 10475 10499 10531 10799 10806 11265 11441 11519 11573 11980 11985 12005 12025 12030 12062 12091 12112 12120 12121 12151 12175 12176 12192 12212 12228 12233 12246 12273 12383 12446 12475 12486 12573 12607 12608 
	}
	history={
	}
	manpower=1000000
	buildings_max_level_factor=1.000
	state_category=town
	local_supplies=0.000
}
