state={
	id=476
	name="STATE_476"
	provinces={
		552 1033 1111 1144 1377 1636 1719 1723 2465 2702 2834 2917 3076 3553 3631 3811 4051 4069 4213 4277 4350 4922 5083 5089 5119 5218 5352 5594 5596 5690 5934 5971 6170 6255 6446 6561 6933 6981 7579 7655 7989 8259 8651 8985 9214 9218 9426 9870 10054 10090 10583 10598 10687 10698 10813 10949 11139 12408 12416 12422 12450 12459 12464 12504 12525 12526 12547 12563 12577 12580 12622 12624 12653 12656 12657 12683 12699 12728 12733 12734 12740 12754 12762 12763 12777 12778 12805 12827 12828 12846 12847 12891 12915 12930 12942 12960 12961 
	}
	history={
		owner = SOB
		add_core_of = SOB
	}
	manpower=1000000
    state_category = town
	buildings_max_level_factor=1.000
}
