state={
	id=482
	name="STATE_482"
	provinces={
		97 643 883 923 961 1155 1715 2078 2204 2594 2600 2629 2777 2916 2952 2968 2970 3086 3533 3561 3566 4613 4739 4741 5208 5223 5610 5944 6230 6292 6368 6614 7146 7495 7829 8114 8322 8349 8677 9112 9150 9281 9621 9807 9834 10467 10472 10508 10596 11164 12878 12929 12956 12965 13000 13022 13029 13044 13063 13074 13084 13117 13136 13145 13148 13167 13185 13194 13195 13220 13230 13234 13249 13266 13280 13298 13314 13317 13333 13349 13350 13370 13389 13413 
	}
	history={
		owner = SOB
		add_core_of = SOB
	}
	manpower = 2000000
    state_category = town
	buildings_max_level_factor=1.000
}
