state={
	id=49
	name="STATE_49"
	provinces={
		749 826 867 1096 1365 1475 1617 1704 1782 1784 1950 1974 2105 2397 2674 3071 3184 3541 3735 3752 4584 4794 4851 4989 5034 5252 5425 5698 5758 5762 5771 6283 6462 6464 6875 6922 6982 7252 7607 8276 8355 8768 8881 9050 9080 9167 9733 9791 9832 10281 10295 10305 10360 10561 10717 12480 12508 12518 12543 12587 12592 12593 12627 12634 12639 12664 12668 12672 12673 12686 12696 12705 12721 12725 12726 12767 12768 12769 12780 12786 12800 12808 12816 12821 12835 12840 12873 12885 12899 12900 12905 12926 12948 12975 12992 13010 
	}
	history={
		owner = NKC
		add_core_of = NKC
	}
	manpower=1000000
    state_category = town
	buildings_max_level_factor=1.000
}
