
state={
	id=495
	name="STATE_495"
	provinces={
		687 1190 1585 1632 1773 2243 2354 2551 3452 3484 3953 4387 4393 4523 4636 5179 5891 5914 6814 7016 7295 7336 7347 7437 8410 8444 8743 8907 9115 9242 9388 9582 9688 9792 10237 11563 11631 14915 14933 14977 14978 15074 15091 15126 15145 15166 15178 15197 15227 15240 15267 15336 15384 15397 15415 15437 15453 15481 15567 15593 15625 15664 15727 
	}
	history={
	}
	manpower = 2000000
	buildings_max_level_factor=1.000
	state_category=town
	local_supplies=0.000
}
