
state={
	id=498
	name="STATE_498"

	history={
		owner = NMI
		add_core_of = NMI

	}

	provinces={
		88 297 476 633 696 769 1230 1337 1404 1535 1588 1651 1678 1881 1895 2051 2102 2103 2302 2368 2783 2828 2922 2971 3111 3358 3419 3670 3902 4046 4066 4204 4369 4478 4821 4948 5072 5171 5423 5613 5701 5747 6126 6478 6652 7169 7448 7713 7843 7946 8120 8183 8225 8721 8792 8879 8973 8991 9199 9250 9294 9363 9631 9874 9885 9914 10132 10264 10993 11115 11172 11278 11281 11283 11387 15049 15119 15192 15201 15219 15253 15273 15292 15297 15357 15360 15364 15404 15410 15432 15496 15523 15540 15607 15631 15658 15667 15676 15700 15704 15705 15725 15729 15730 15741 15754 15804 15833 15841 15842 15852 15853 15899 15900 15901 15916 15917 15918 15924 15925 15940 15959 15967 15979 15982 16007 16022 16040 16044 16083 16105 16106 16116 16135 16180 16189 16216 16237 16238 20751 20755 20756 20760 20761 
	}
	manpower=1000000
	buildings_max_level_factor=1.000
	state_category=town
	local_supplies=0.000
}
