
state={
	id=5
	name="STATE_5"

	provinces={
		235 394 630 1064 1065 1126 1501 2056 2087 2176 2198 2346 2411 2413 2800 3837 4023 4639 4708 4859 5402 5431 5479 5722 5779 5879 6508 6870 7264 7447 7599 7869 9682 9704 9939 10354 10555 10663 10994 11171 11535 11668 11669 11672 11673 11674 11675 11676 11677 11682 11683 11684 11686 11689 11690 11691 11692 11694 11695 11697 11702 11703 11704 11705 11706 11707 11708 11712 
	}
	manpower = 2000000
	buildings_max_level_factor=1.000
	state_category=town
	local_supplies=0.000
}
