
state={
	id=500
	name="STATE_500"
	provinces={
		514 592 634 899 1679 1736 2984 3587 4054 4151 4250 4727 4804 5193 5415 5601 5785 5919 6271 6942 7182 7613 8116 8139 8168 8266 8769 8871 9091 9253 9418 9433 9603 9695 9866 10099 10681 10888 11207 11623 17800 17892 17937 17980 17981 18028 18071 18086 18107 18160 18169 18187 18212 18225 18236 18290 18291 18345 18392 18399 18409 18420 18446 18461 18475 18563 18650 18690 18691 18710 18737 18748 18803 18839 18855 20812 
	}
	history={
	}
	manpower = 2000000
	buildings_max_level_factor=1.000
	state_category=town
	local_supplies=0.000
}
