
state={
	id=501
	name="STATE_501"
	provinces={
		263 307 610 671 787 827 838 935 1379 2161 2385 2568 2683 2704 2767 2853 2938 3039 3238 3333 3473 3715 3808 3831 4234 4655 4666 4749 4806 4812 5011 5245 5786 6394 6454 6461 6544 6794 6801 7216 7261 7586 7801 7816 7832 7870 7997 8281 8354 8475 8602 8631 8705 8915 9353 9519 9598 9825 10088 10156 10167 10568 10623 10628 10710 11049 11174 11192 16239 16240 16274 16302 16316 16346 16359 16360 16384 16385 16458 16478 16490 16503 16515 16533 16551 16552 16557 16578 16582 16590 16595 16596 16611 16622 16655 16656 16657 16663 16664 16665 16693 16718 16739 16763 16783 16798 16816 16817 16818 16834 16867 16879 16896 16933 16947 16958 16986 16999 17011 17035 17036 17053 17061 20777 20779 20780 20781 20782 20784 20787 20789 20791 20792 20793 
	}
	history={
	}
	manpower=1000000
	buildings_max_level_factor=1.000
	state_category=town
	local_supplies=0.000
}
