
state={
	id=502
	name="STATE_502"
	provinces={
		287 380 447 721 950 1005 1298 1320 1376 1725 1759 1906 2765 2886 2943 4522 4638 5073 5429 5678 5709 6399 7406 7917 8852 9041 9146 9155 9256 9546 9639 10445 10494 15987 16039 16049 16100 16166 16176 16179 16209 16228 16248 16249 16282 16300 16301 16345 16358 16366 16398 16404 16433 16473 16502 16522 16610 16677 16807 16833 16866 16878 20768 20774 
	}
	history={
		owner = NMI
		add_core_of = NMI
	}
	manpower=1000000
	buildings_max_level_factor=1.000
	state_category=town
	local_supplies=0.000
}
