state={
	id=505
	name="STATE_505"
	provinces={
		340 1375 1635 2149 2381 2430 2959 3959 4575 4651 4709 4781 4940 5356 5469 5474 6241 6358 6457 6496 6736 7168 7184 7328 7501 7617 7720 8299 8404 8581 8796 10203 10625 16637 16723 16743 16804 16811 16820 16838 16852 16853 16871 16881 16904 16914 16954 16970 17075 17076 17123 17124 17140 17158 17197 17232 17265 17272 17286 17316 17345 17356 17398 17432 17461 17545 17562 
	}
	history={
	}
	manpower=1000000
    state_category = town
	buildings_max_level_factor=1.000
}
