
state={
	id=63
	name="STATE_63"
	provinces={
		86 648 1157 1419 1692 1862 1925 2062 2262 2671 2856 3192 3590 3663 3901 4043 4158 4184 4310 4394 4425 4508 4616 4693 5297 5367 5475 6093 6119 6285 6333 6731 7120 7476 7647 7883 8179 8348 8647 8762 9029 9221 9653 9663 9942 10346 10786 11343 11380 12702 12709 12710 12711 12751 12781 12792 12793 12796 12817 12818 12822 12830 12833 12843 12850 12858 12865 12869 12881 12882 12887 12893 12914 12919 12923 12931 12932 12939 12949 12952 12970 12983 12988 12989 12993 13012 13020 13032 
	}
	history={
	}
	manpower=1000000
	buildings_max_level_factor=1.000
	state_category=town
	local_supplies=0.000
}
