state={
	id=64
	name="STATE_64"
	provinces={
		206 228 265 866 1140 1352 1373 1622 1923 2166 2313 2420 2689 2769 3019 3114 3141 3292 3845 4010 4343 4465 4540 4556 4649 4671 4947 4986 5040 5272 5350 5478 5567 6202 6281 6387 6665 6770 6873 7115 7346 7400 8236 8314 8547 8713 8802 8860 8889 9067 9412 9687 9900 10361 10514 10618 10656 10814 10868 10878 10968 11066 11071 11098 11206 11448 11550 12691 12753 12761 12775 12776 12804 12851 12852 12875 12876 12902 12909 12920 12928 12933 12940 12941 12951 12954 12964 12971 12978 12999 13005 13014 13015 13016 13021 13038 13048 13049 13054 13061 13100 13103 13109 13110 13116 13135 13144 13154 13160 13166 13182 13183 13193 13202 13207 13216 13228 13248 
	}
	history={
	}
	manpower=1000000
    state_category = town
	buildings_max_level_factor=1.000
}
