state={
	id=71
	name="STATE_71"
	provinces={
		234 450 463 582 585 1165 1502 1988 2052 2291 2809 2846 2866 2996 3166 3455 3542 4071 4075 4507 4550 4668 4912 5152 5336 5685 5826 6058 6203 6377 6745 6774 6963 6993 7187 7368 7446 7596 8104 8145 8522 8570 8593 8658 9019 9231 9316 9430 9685 10222 10262 10504 10573 11288 11502 11595 13017 13057 13068 13072 13089 13093 13114 13128 13129 13130 13153 13171 13172 13173 13179 13198 13212 13218 13223 13245 13251 13260 13273 13277 13287 13302 13303 13313 13323 13329 13337 13353 13356 13362 13373 13374 13387 13399 13412 13420 13428 13429 13432 13451 13472 13492 13500 13523 13524 13534 13554 13558 
	}
	history={
	}
	manpower = 2000000
    state_category = town
	buildings_max_level_factor=1.000
}
