
state={
	id=72
	name="STATE_72"
	provinces={
		271 451 480 656 834 864 1034 1296 1460 1466 1612 1702 1814 2159 2268 2738 3706 4142 4445 4661 4765 4968 5075 6040 6121 6268 6537 7011 8407 8670 8723 9093 9628 9789 10137 10266 10286 10837 10984 11320 11388 12984 13008 13037 13047 13052 13053 13059 13071 13083 13086 13095 13099 13107 13108 13134 13140 13159 13174 13181 13189 13201 13206 13215 13226 13227 13238 13239 13265 13282 13285 13291 13316 13359 13364 13393 13408 13435 13456 13473 13502 
	}
	history={
	}
	manpower=1000000
	buildings_max_level_factor=1.000
	state_category=town
	local_supplies=0.000
}
