
state={
	id=75
	name="STATE_75"
	provinces={
		68 224 496 613 714 786 894 1428 1560 1824 1843 1921 2010 2379 2487 2488 2564 2605 2966 3202 3282 3326 3482 3646 3723 3756 3794 3805 3843 3906 4144 4327 4344 4378 4495 4642 4697 4719 4808 5055 5094 5173 5181 5190 5861 5884 5908 5959 6043 6122 6153 6229 6331 6624 6871 6927 7049 7166 7601 7648 7732 7776 8208 8330 8367 8644 8665 9065 9202 9297 9347 9438 9439 9532 9691 9790 9906 10001 10031 10165 10290 10579 10601 10723 10766 10852 11087 11190 11228 11236 11465 11542 13018 13019 13026 13033 13034 13058 13069 13094 13102 13115 13119 13126 13131 13138 13147 13157 13164 13168 13200 13205 13213 13219 13224 13235 13236 13247 13252 13259 13261 13264 13289 13295 13306 13309 13324 13338 13368 13388 13395 13415 13416 13430 13440 13441 13461 13465 13476 13479 13507 13527 13538 13539 13543 13544 13569 13579 13580 
	}
	history={
	}
	manpower=1000000
	buildings_max_level_factor=1.000
	state_category=town
	local_supplies=0.000
}
