state={
	id=76
	name="STATE_76"
	provinces={
		896 1531 2361 3100 3351 3600 3659 3681 3728 4017 4379 4419 4683 4847 5307 5397 5490 5530 5563 6221 6262 6345 6526 6758 6888 7058 7203 7243 7559 7683 7925 8575 8624 9111 9745 9928 10463 10563 10664 10784 10912 10971 10981 11307 11480 13098 13143 13199 13246 13288 13315 13357 13367 13375 13382 13400 13453 13458 13459 13478 13496 13501 13525 13526 13577 13590 13612 13618 13665 
	}
	history={
	}
	manpower=1000000
    state_category = town
	buildings_max_level_factor=1.000
}
