
state={
	id=77
	name="STATE_77"
	provinces={
		551 718 837 1086 1420 1953 2419 2508 2897 3187 3623 3671 4380 4390 4577 4924 4975 5053 5312 6080 6395 6494 6722 6730 6776 7242 7370 7430 7548 7736 7834 8003 8042 8133 8585 9317 9563 9645 10092 10199 10368 10825 11237 11303 13051 13070 13073 13090 13120 13121 13132 13133 13158 13165 13169 13180 13214 13225 13237 13242 13243 13253 13262 13263 13274 13278 13281 13290 13296 13304 13310 13320 
	}
	history={
	}
	manpower=1000000
	buildings_max_level_factor=1.000
	state_category=town
	local_supplies=0.000
}
