
state={
	id=79
	name="STATE_79"

	history={
		owner = NKB
		add_core_of = NKB

	}

	provinces={
		504 885 1316 1680 1887 2495 2500 2580 2757 2892 3074 3383 3443 3505 3651 4086 4505 4528 4545 4728 4996 5818 6011 6132 6137 6344 6819 6841 6858 7181 7198 7440 8626 8744 8873 8885 9061 9121 9475 9802 10317 10421 10787 10898 12700 12784 12864 12892 12935 12962 12982 13036 13040 13050 13066 13076 13080 13125 13142 13146 13149 13150 13151 13191 13192 13196 13244 13250 13270 13271 13272 
	}
	manpower=1000000
    state_category = town
	buildings_max_level_factor=1.000
	local_supplies=0.000
}
