
state={
	id=9
	name="STATE_9"
	provinces={
		312 625 1103 1638 2181 2235 2395 2501 2838 3222 3380 3582 3709 4012 4019 4022 4207 4648 5130 5763 5866 6529 6539 6605 6693 6973 7205 7308 7524 7722 7739 7830 7967 8273 8427 9228 9752 10047 10895 11064 11108 11144 11258 11449 11486 11495 11767 11770 11784 11788 11794 11802 11812 11813 11819 11822 11825 11834 11835 11846 11850 11858 11866 11870 11875 11887 11899 11901 11920 11928 11947 11948 11950 11973 12011 12046 12067 12118 20727 
	}
	history={
	}
	manpower = 2000000
	buildings_max_level_factor=1.000
	state_category=town
	local_supplies=0.000
}
