
state={
	id=92
	name="STATE_92"
	provinces={
		7 141 277 478 795 959 1102 1242 1459 1778 2153 2326 2342 2874 3029 3323 4619 4909 5014 5198 5207 5399 5706 6016 6298 6325 6382 6384 6433 6576 6717 6925 6938 7093 7535 7689 7886 7932 7944 8016 8050 8129 8332 8481 8532 8736 8958 9736 9883 10041 10366 10487 10670 10788 10907 10945 11082 11142 11635 13401 13442 13498 13508 13511 13520 13545 13546 13555 13597 13613 13619 13622 13634 13657 13669 13699 13700 13720 13774 13802 13838 13847 13862 13893 13894 13903 13935 13943 13960 13973 13994 14002 14009 14012 14060 14107 14118 14127 14171 14212 14245 
	}
	history={
	}
	manpower=1000000
	buildings_max_level_factor=1.000
	state_category=town
	local_supplies=0.000
}
