state={
	id=94
	name="STATE_94"
	provinces={
		251 260 457 499 523 684 1306 2020 2439 2584 2614 2635 3322 3863 4129 4254 4322 4370 4544 4819 4913 5537 5653 5831 5939 6323 6726 6929 7452 7525 7896 8012 8070 8184 8807 9263 9488 9535 9557 9819 9948 10190 10198 10287 10519 11002 11266 11292 11516 11582 13446 13457 13529 13550 13566 13573 13582 13586 13588 13626 13627 13628 13636 13637 13651 13659 13671 13672 13673 13678 13708 13730 13764 13789 
	}
	history={
		owner = AUR
		add_core_of = AUR
	}
	manpower=1000000
    state_category = town
	buildings_max_level_factor=1.000
}
