
state={
	id=96
	name="STATE_96"

	history={
	}

	provinces={
		219 250 430 489 555 601 722 868 939 1049 1152 1287 1544 1589 1798 1948 2132 2301 2512 2582 2688 2770 2796 2832 2870 2896 3121 3379 3394 3409 3573 3612 3665 3923 3973 4216 5017 5096 5165 5453 5525 5533 5648 5662 5734 5832 5848 6111 6156 6413 6636 6712 6930 7040 7060 7109 7234 7339 7520 7635 7909 8007 8152 8187 8369 8438 8443 8605 8620 8780 9020 9355 9824 9884 9893 9902 9955 10026 10060 10209 10257 10466 10498 10606 10608 10712 10773 10792 11092 11107 11134 11313 11556 13493 13531 13578 13591 13600 13633 13640 13656 13692 13693 13711 13715 13719 13728 13740 13742 13745 13784 13785 13794 13795 13801 13810 13926 13933 13942 13979 14001 14030 14045 14049 14096 14099 14126 14149 14150 14153 14154 14176 14196 14201 14204 14225 14226 14240 14251 14274 14281 14286 14301 14315 14331 14332 14338 14347 14369 14377 14399 14406 14424 20735 
	}
	manpower = 2000000
	buildings_max_level_factor=1.000
	state_category=town
	local_supplies=0.000
}
